STATIONS_ID;MESS_DATUM;QN_3;  FX;  FM;QN_4; RSK;RSKF; SDK;SHK_TAG;  NM; VPM;  PM; TMK; UPM; TXK; TNK; TGK;eor
      19207;20230401;   10;  14.3;   5.7;   10;   1.9;   4;-999;   0;  -999;   7.0;    -999;    4.2;   84.00;    6.9;    1.9;    0.7;eor
      19207;20230402;   10;  11.8;   3.6;   10;   0.0;   0;-999;   0;  -999;   5.0;    -999;    3.6;   64.00;    7.7;   -1.9;   -4.2;eor
      19207;20230403;   10;   9.5;   2.4;   10;   0.0;   0;-999;   0;  -999;   4.4;    -999;    1.8;   65.00;    6.3;   -2.7;   -5.3;eor
      19207;20230404;   10;   7.8;   2.0;   10;   0.0;   0;-999;   0;  -999;   4.7;    -999;    1.5;   72.00;    7.5;   -4.5;   -6.1;eor
      19207;20230405;   10;   7.8;   1.8;   10;   0.0;   0;-999;   0;  -999;   5.5;    -999;    3.0;   74.00;    8.7;   -2.4;   -4.8;eor
      19207;20230406;   10;   9.4;   2.0;   10;   0.0;   0;-999;   0;  -999;   4.8;    -999;    4.6;   63.00;   11.6;   -4.1;   -5.2;eor
      19207;20230407;   10;   7.7;   2.5;   10;   0.3;   4;-999;   0;  -999;   6.5;    -999;    3.4;   83.00;    6.3;   -0.8;   -3.6;eor
      19207;20230408;   10;   7.6;   2.4;   10;   0.2;   4;-999;   0;  -999;   8.2;    -999;    5.5;   90.00;    7.6;    3.7;    3.8;eor
      19207;20230409;   10;   4.4;   1.3;   10;   0.3;   4;-999;   0;  -999;   8.0;    -999;    6.0;   85.00;    8.9;    2.0;   -0.3;eor
      19207;20230410;   10;  10.5;   2.9;   10;   2.2;   4;-999;   0;  -999;   7.5;    -999;    9.6;   66.00;   16.8;   -0.2;   -2.0;eor
      19207;20230411;   10;  14.3;   4.7;   10;   3.4;   4;-999;   0;  -999;   8.7;    -999;    8.4;   80.00;   12.4;    2.7;    0.4;eor
      19207;20230412;   10;  13.5;   3.3;   10;   2.0;   4;-999;   0;  -999;   7.9;    -999;    7.8;   77.00;   13.2;    0.4;   -1.6;eor
      19207;20230413;   10;   9.0;   2.8;   10;   0.0;   0;-999;   0;  -999;   8.4;    -999;    8.5;   76.00;   12.5;    3.6;    1.8;eor
      19207;20230414;   10;   7.6;   2.1;   10;   8.0;   4;-999;   0;  -999;   8.8;    -999;    6.3;   92.00;    9.0;    2.8;    0.9;eor
      19207;20230415;   10;  10.3;   3.1;   10;   0.0;   0;-999;   0;  -999;   9.8;    -999;    9.4;   83.00;   13.4;    6.6;    6.6;eor
      19207;20230416;   10;   7.4;   2.4;   10;   0.0;   0;-999;   0;  -999;   8.9;    -999;    8.5;   81.00;   12.5;    5.3;    3.8;eor
      19207;20230417;   10;  10.2;   2.8;   10;   0.0;   0;-999;   0;  -999;   7.6;    -999;    7.3;   75.00;   11.5;    4.0;    1.3;eor
      19207;20230418;   10;  11.3;   3.2;   10;   0.0;   0;-999;   0;  -999;   7.1;    -999;    7.3;   71.00;   13.1;    2.0;   -0.5;eor
      19207;20230419;   10;  15.7;   4.9;   10;   3.2;   4;-999;   0;  -999;   5.5;    -999;    8.0;   53.00;   12.3;    3.2;    0.3;eor
      19207;20230420;   10;  10.5;   3.5;   10;   0.2;   4;-999;   0;  -999;   8.6;    -999;    8.9;   76.00;   15.0;    5.5;    4.5;eor
      19207;20230421;   10;  10.9;   3.8;   10;   0.0;   0;-999;   0;  -999;   8.0;    -999;   11.4;   61.00;   19.0;    5.0;    3.0;eor
      19207;20230422;   10;  10.3;   2.8;   10;   0.0;   4;-999;   0;  -999;   8.3;    -999;   14.3;   54.00;   22.1;    3.3;    0.9;eor
      19207;20230423;   10;   8.6;   2.1;   10;   5.8;   4;-999;   0;  -999;  10.6;    -999;   13.1;   71.00;   17.1;   10.5;    8.7;eor
      19207;20230424;   10;  15.0;   4.8;   10;   0.7;   4;-999;   0;  -999;   9.8;    -999;   11.8;   71.00;   16.0;    7.7;    6.9;eor
      19207;20230425;   10;  13.9;   6.3;   10;   0.0;   4;-999;   0;  -999;   6.8;    -999;    7.2;   67.00;    9.6;    3.5;    1.9;eor
      19207;20230426;   10;  12.2;   5.1;   10;   0.0;   0;-999;   0;  -999;   6.0;    -999;    6.0;   66.00;   11.3;    1.7;   -1.3;eor
      19207;20230427;   10;   9.8;   3.3;   10;   0.0;   0;-999;   0;  -999;   6.1;    -999;    5.7;   69.00;   10.8;   -0.4;   -2.9;eor
      19207;20230428;   10;   8.3;   2.5;   10;   7.9;   4;-999;   0;  -999;   6.5;    -999;    8.5;   63.00;   15.0;   -1.1;   -3.1;eor
      19207;20230429;   10;  11.0;   3.8;   10;   0.0;   0;-999;   0;  -999;   8.5;    -999;    9.7;   72.00;   14.4;    5.1;    1.9;eor
      19207;20230430;   10;  10.1;   2.7;   10;   0.0;   0;-999;   0;  -999;   6.3;    -999;    7.2;   63.00;   11.3;    2.2;   -1.3;eor
      19207;20230501;   10;   8.2;   2.1;   10;   0.0;   0;-999;-999;  -999;   7.2;    -999;   10.9;   59.00;   18.1;    0.6;   -1.2;eor
      19207;20230502;   10;  11.7;   4.2;   10;   0.0;   0;-999;-999;  -999;   7.3;    -999;    8.7;   65.00;   11.7;    2.7;    0.5;eor
      19207;20230503;   10;   8.5;   2.5;   10;   0.0;   0;-999;-999;  -999;   6.9;    -999;    7.3;   70.00;   12.2;    1.3;   -1.0;eor
      19207;20230504;   10;  10.1;   2.0;   10;   0.0;   0;-999;-999;  -999;   7.1;    -999;    8.9;   65.00;   15.4;   -0.5;   -1.8;eor
      19207;20230505;   10;  13.8;   5.0;   10;   7.0;   4;-999;-999;  -999;   8.1;    -999;    9.4;   69.00;   13.3;    6.7;    5.9;eor
      19207;20230506;   10;   8.7;   3.1;   10;   1.4;   4;-999;-999;  -999;   8.8;    -999;    7.2;   86.00;    8.7;    5.0;    4.7;eor
      19207;20230507;   10;  10.0;   3.0;   10;   0.0;   0;-999;-999;  -999;   8.6;    -999;   11.8;   64.00;   17.5;    6.1;    2.5;eor
      19207;20230508;   10;  11.8;   3.6;   10;   0.0;   0;-999;-999;  -999;   7.1;    -999;   12.3;   53.00;   18.7;    5.3;    1.3;eor
      19207;20230509;   10;  12.1;   4.2;   10;   0.0;   0;-999;-999;  -999;   7.2;    -999;   14.3;   46.00;   19.7;    8.8;    6.3;eor
      19207;20230510;   10;  11.0;   3.2;   10;   0.0;   0;-999;-999;  -999;  10.4;    -999;   15.4;   60.00;   22.0;    8.5;    6.1;eor
      19207;20230511;   10;   8.8;   2.2;   10;   0.0;   0;-999;-999;  -999;  11.2;    -999;   17.0;   62.00;   23.1;    9.3;    6.9;eor
      19207;20230512;   10;   9.6;   2.6;   10;   0.0;   0;-999;-999;  -999;   9.0;    -999;   15.9;   53.00;   22.6;    8.1;    3.4;eor
      19207;20230513;   10;  11.4;   2.6;   10;   0.0;   0;-999;-999;  -999;   8.4;    -999;   15.0;   55.00;   22.8;    5.7;    2.0;eor
      19207;20230514;   10;   8.8;   1.4;   10;   0.0;   0;-999;-999;  -999;   9.6;    -999;   14.7;   61.00;   22.1;    5.5;    2.5;eor
      19207;20230515;   10;  11.6;   2.2;   10;   1.3;   4;-999;-999;  -999;  11.5;    -999;   15.0;   69.00;   21.6;    9.6;    6.3;eor
      19207;20230516;   10;  13.4;   5.9;   10;   0.1;   4;-999;-999;  -999;   8.9;    -999;   11.0;   69.00;   15.2;    8.1;    6.9;eor
      19207;20230517;   10;  11.4;   4.5;   10;   0.0;   0;-999;-999;  -999;   7.3;    -999;    9.2;   63.00;   12.9;    3.8;   -1.0;eor
      19207;20230518;   10;   7.2;   1.5;   10;   0.0;   0;-999;-999;  -999;   7.4;    -999;    8.5;   69.00;   14.6;    1.5;   -2.3;eor
      19207;20230519;   10;   9.9;   2.4;   10;   0.0;   0;-999;-999;  -999;   8.2;    -999;   12.0;   63.00;   20.2;    3.7;    0.8;eor
      19207;20230520;   10;  10.0;   2.6;   10;   0.0;   0;-999;-999;  -999;  10.0;    -999;   11.9;   72.00;   16.8;    5.0;    1.5;eor
      19207;20230521;   10;  10.2;   2.6;   10;   0.0;   0;-999;-999;  -999;  14.1;    -999;   18.2;   68.00;   26.6;    9.4;    7.2;eor
      19207;20230522;   10;  10.2;   2.6;   10;   0.3;   4;-999;-999;  -999;  11.6;    -999;   19.8;   54.00;   26.9;   12.8;    8.7;eor
      19207;20230523;   10;  11.5;   3.4;   10;   1.0;   4;-999;-999;  -999;  11.9;    -999;   13.5;   76.00;   19.5;    9.7;    9.6;eor
      19207;20230524;   10;   7.2;   2.4;   10;   0.0;   0;-999;-999;  -999;  10.1;    -999;   12.4;   71.00;   18.1;    7.1;    4.6;eor
      19207;20230525;   10;   9.1;   2.7;   10;   0.0;   0;-999;-999;  -999;  10.5;    -999;   12.2;   75.00;   17.1;    5.9;    2.8;eor
      19207;20230526;   10;   9.4;   3.0;   10;   0.0;   0;-999;-999;  -999;   9.0;    -999;   10.8;   71.00;   16.1;    5.7;    2.1;eor
      19207;20230527;   10;   5.5;   1.2;   10;   0.0;   0;-999;-999;  -999;   9.6;    -999;   12.9;   68.00;   20.6;    3.9;    1.6;eor
      19207;20230528;   10;   8.0;   1.8;   10;   0.0;   0;-999;-999;  -999;  10.0;    -999;   13.9;   67.00;   20.7;    5.1;    2.8;eor
      19207;20230529;   10;   8.5;   2.4;   10;   0.0;   0;-999;-999;  -999;   9.1;    -999;   12.9;   64.00;   18.3;    7.3;    4.2;eor
      19207;20230530;   10;   7.8;   2.3;   10;   0.0;   0;-999;-999;  -999;  10.3;    -999;   13.6;   69.00;   19.6;    5.7;    3.7;eor
      19207;20230531;   10;   7.8;   2.3;   10;   0.0;   0;-999;-999;  -999;  10.2;    -999;   15.0;   64.00;   23.7;    3.3;    1.6;eor
      19207;20230601;   10;  11.4;   4.1;   10;   0.0;   0;-999;-999;  -999;  10.6;    -999;   13.7;   68.00;   18.5;    9.2;    7.0;eor
      19207;20230602;   10;   9.7;   2.8;   10;   0.0;   0;-999;-999;  -999;   8.1;    -999;   13.5;   56.00;   18.5;    6.4;    2.9;eor
      19207;20230603;   10;   6.0;   1.5;   10;   0.0;   0;-999;-999;  -999;   7.0;    -999;   12.9;   52.00;   19.6;    3.6;    0.9;eor
      19207;20230604;   10;   6.7;   1.5;   10;   0.0;   0;-999;-999;  -999;   9.7;    -999;   13.9;   65.00;   21.3;    4.0;    1.6;eor
      19207;20230605;   10;   8.5;   1.6;   10;   0.0;   0;-999;-999;  -999;  10.2;    -999;   16.1;   61.00;   24.3;    5.7;    4.0;eor
      19207;20230606;   10;   9.4;   1.7;   10;   0.0;   0;-999;-999;  -999;  11.1;    -999;   17.3;   60.00;   24.9;    7.3;    5.2;eor
      19207;20230607;   10;   7.6;   1.5;   10;   0.0;   0;-999;-999;  -999;  12.4;    -999;   17.8;   65.00;   25.8;    8.3;    6.0;eor
      19207;20230608;   10;   8.0;   1.8;   10;   0.0;   0;-999;-999;  -999;  12.4;    -999;   18.1;   63.00;   25.8;    9.1;    7.5;eor
      19207;20230609;   10;   9.2;   2.3;   10;   0.0;   0;-999;-999;  -999;  12.5;    -999;   17.0;   68.00;   25.9;    7.3;    5.1;eor
      19207;20230610;   10;  11.5;   3.2;   10;   0.0;   0;-999;-999;  -999;  12.6;    -999;   17.6;   65.00;   25.9;    8.7;    7.0;eor
      19207;20230611;   10;  10.2;   2.8;   10;   0.0;   0;-999;-999;  -999;  11.5;    -999;   18.3;   58.00;   26.1;   10.2;    7.6;eor
      19207;20230612;   10;  10.9;   2.7;   10;   0.0;   0;-999;-999;  -999;   9.4;    -999;   19.3;   47.00;   26.9;   10.3;    6.0;eor
      19207;20230613;   10;  11.9;   3.2;   10;   0.0;   0;-999;-999;  -999;  10.4;    -999;   16.6;   59.00;   23.6;    7.0;    4.0;eor
      19207;20230614;   10;   9.0;   2.3;   10;   0.0;   0;-999;-999;  -999;  10.7;    -999;   17.9;   56.00;   24.8;    9.6;    7.5;eor
      19207;20230615;   10;   8.9;   2.0;   10;   7.2;   4;-999;-999;  -999;  11.2;    -999;   17.8;   58.00;   25.1;    8.6;    6.5;eor
      19207;20230616;   10;   8.0;   2.3;   10;   1.9;   4;-999;-999;  -999;  15.0;    -999;   16.7;   80.00;   22.3;   12.6;   10.9;eor
      19207;20230617;   10;   7.5;   1.8;   10;   0.0;   0;-999;-999;  -999;  13.2;    -999;   18.3;   66.00;   24.3;   10.8;    9.7;eor
      19207;20230618;   10;   8.0;   1.8;   10;   0.0;   0;-999;-999;  -999;  14.0;    -999;   19.8;   64.00;   26.3;   12.0;   10.5;eor
      19207;20230619;   10;  14.4;   2.0;   10;   5.2;   4;-999;-999;  -999;  16.7;    -999;   20.0;   74.00;   27.8;   12.5;   11.1;eor
      19207;20230620;   10;   6.2;   1.4;   10;   4.4;   4;-999;-999;  -999;  18.4;    -999;   21.2;   75.00;   26.2;   13.9;   13.0;eor
      19207;20230621;   10;  12.1;   3.2;   10;   0.0;   0;-999;-999;  -999;  18.8;    -999;   21.3;   76.00;   26.9;   14.6;   12.9;eor
      19207;20230622;   10;   6.4;   1.4;   10;   5.0;   4;-999;-999;  -999;  15.9;    -999;   20.4;   69.00;   27.0;   13.0;   12.1;eor
      19207;20230623;   10;   8.6;   2.3;   10;   0.5;   4;-999;-999;  -999;  15.7;    -999;   18.4;   75.00;   22.1;   14.8;   12.5;eor
      19207;20230624;   10;   7.7;   2.1;   10;   0.0;   0;-999;-999;  -999;  14.6;    -999;   19.4;   67.00;   24.9;   12.6;   10.5;eor
      19207;20230625;   10;   5.3;   1.2;   10;   0.0;   0;-999;-999;  -999;  16.4;    -999;   22.9;   61.00;   27.8;   17.4;   17.0;eor
      19207;20230626;   10;  23.0;   3.5;   10;   6.0;   4;-999;-999;  -999;  16.8;    -999;   21.4;   67.00;   30.4;   14.7;   13.1;eor
      19207;20230627;   10;  16.2;   4.3;   10;   5.2;   4;-999;-999;  -999;  13.4;    -999;   16.0;   75.00;   20.7;   12.6;   11.2;eor
      19207;20230628;   10;  10.3;   3.4;   10;   0.0;   4;-999;-999;  -999;  13.1;    -999;   17.7;   67.00;   23.2;   11.8;   10.5;eor
      19207;20230629;   10;   7.2;   1.6;   10;   1.7;   4;-999;-999;  -999;  17.3;    -999;   19.1;   79.00;   24.4;   12.5;   11.1;eor
      19207;20230630;   10;   7.0;   2.2;   10;   0.9;   4;-999;-999;  -999;  15.1;    -999;   18.0;   74.00;   21.5;   14.4;   13.7;eor
      19207;20230701;   10;  10.6;   3.0;   10;   2.9;   4;-999;-999;  -999;  15.6;    -999;   16.4;   84.00;   19.5;   13.9;   12.4;eor
      19207;20230702;   10;  18.6;   6.5;   10;   0.0;   4;-999;-999;  -999;  12.4;    -999;   17.3;   64.00;   21.4;   13.0;   11.2;eor
      19207;20230703;   10;  15.1;   4.2;   10;   3.0;   4;-999;-999;  -999;  12.0;    -999;   14.8;   72.00;   19.0;   12.2;   10.5;eor
      19207;20230704;   10;  16.4;   4.7;   10;   0.3;   4;-999;-999;  -999;  11.8;    -999;   15.5;   68.00;   21.4;   10.0;    8.2;eor
      19207;20230705;   10;  20.2;   5.0;   10;   1.1;   4;-999;-999;  -999;  12.4;    -999;   16.4;   68.00;   22.8;    9.9;    8.4;eor
      19207;20230706;   10;  13.1;   4.1;   10;   0.0;   0;-999;-999;  -999;  11.9;    -999;   16.8;   65.00;   22.0;   11.1;    8.6;eor
      19207;20230707;   10;   7.7;   1.9;   10;   0.0;   0;-999;-999;  -999;  12.4;    -999;   18.9;   61.00;   27.1;    8.4;    7.0;eor
      19207;20230708;   10;   8.4;   1.8;   10;   0.0;   0;-999;-999;  -999;  12.6;    -999;   20.7;   56.00;   29.5;   10.1;    8.2;eor
      19207;20230709;   10;   7.2;   1.7;   10;   0.0;   4;-999;-999;  -999;  12.8;    -999;   22.4;   52.00;   31.5;   11.0;    9.2;eor
      19207;20230710;   10;   8.8;   2.1;   10;   2.6;   4;-999;-999;  -999;  16.6;    -999;   20.5;   69.00;   25.1;   13.2;   11.0;eor
      19207;20230711;   10;   8.5;   2.3;   10;   8.0;   4;-999;-999;  -999;  14.5;    -999;   21.8;   60.00;   29.5;   11.5;    9.9;eor
      19207;20230712;   10;  13.3;   3.9;   10;   0.0;   0;-999;-999;  -999;  16.1;    -999;   20.7;   67.00;   26.1;   16.2;   14.8;eor
      19207;20230713;   10;  15.8;   3.2;   10;   5.2;   4;-999;-999;  -999;  14.9;    -999;   17.6;   75.00;   23.9;   13.4;   11.3;eor
      19207;20230714;   10;   7.0;   1.8;   10;   0.0;   0;-999;-999;  -999;  14.1;    -999;   18.8;   68.00;   24.9;   11.7;   10.0;eor
      19207;20230715;   10;  15.0;   3.1;   10;   1.3;   4;-999;-999;  -999;  16.3;    -999;   24.2;   55.00;   32.3;   16.9;   14.2;eor
      19207;20230716;   10;  13.3;   3.6;   10;   0.5;   4;-999;-999;  -999;  15.4;    -999;   21.6;   62.00;   27.0;   14.1;   12.2;eor
      19207;20230717;   10;  13.6;   3.9;   10;   0.3;   4;-999;-999;  -999;  13.4;    -999;   17.7;   68.00;   25.4;   12.2;   11.0;eor
      19207;20230718;   10;  10.5;   3.1;   10;   0.2;   4;-999;-999;  -999;  13.0;    -999;   17.7;   67.00;   23.6;   11.4;   10.0;eor
      19207;20230719;   10;   4.9;   1.2;   10;   1.6;   4;-999;-999;  -999;  14.1;    -999;   15.3;   81.00;   19.2;   11.8;   10.2;eor
      19207;20230720;   10;  10.9;   3.2;   10;   0.2;   4;-999;-999;  -999;  12.9;    -999;   15.7;   74.00;   20.3;   10.6;    8.4;eor
      19207;20230721;   10;  10.5;   2.2;   10;   8.3;   4;-999;-999;  -999;  12.5;    -999;   15.8;   72.00;   22.1;   10.3;    7.2;eor
      19207;20230722;   10;  11.7;   3.0;   10;   6.8;   4;-999;-999;  -999;  13.5;    -999;   15.2;   80.00;   21.0;   11.7;   11.0;eor
      19207;20230723;   10;   9.6;   2.7;   10;   4.0;   4;-999;-999;  -999;  16.4;    -999;   16.6;   87.00;   20.0;   13.5;   13.2;eor
      19207;20230724;   10;  10.4;   3.2;   10;   6.8;   4;-999;-999;  -999;  17.6;    -999;   18.5;   83.00;   23.0;   14.7;   13.8;eor
      19207;20230725;   10;  10.8;   3.5;   10;   0.0;   4;-999;-999;  -999;  12.9;    -999;   15.8;   73.00;   20.2;   10.1;    8.3;eor
      19207;20230726;   10;  10.6;   2.8;   10;   3.6;   4;-999;-999;  -999;  12.5;    -999;   14.2;   78.00;   18.9;    9.6;    8.2;eor
      19207;20230727;   10;   7.6;   2.6;   10;   2.4;   4;-999;-999;  -999;  14.4;    -999;   15.8;   81.00;   19.3;   11.9;   10.8;eor
      19207;20230728;   10;   5.5;   1.3;   10;   0.3;   4;-999;-999;  -999;  16.5;    -999;   18.1;   81.00;   23.8;   14.4;   13.3;eor
      19207;20230729;   10;  14.5;   2.2;   10;  11.7;   4;-999;-999;  -999;  18.8;    -999;   19.1;   86.00;   23.7;   14.0;   12.8;eor
      19207;20230730;   10;  16.7;   3.4;   10;   0.1;   4;-999;-999;  -999;  15.8;    -999;   17.9;   78.00;   23.7;   12.9;   11.8;eor
      19207;20230731;   10;   9.6;   3.1;   10;  22.5;   4;-999;-999;  -999;  16.3;    -999;   15.8;   91.00;   19.0;   12.7;   11.6;eor
      19207;20230801;   10;  11.5;   3.3;   10;   2.8;   4;-999;-999;  -999;  17.0;    -999;   17.1;   87.00;   21.7;   14.7;   13.8;eor
      19207;20230802;   10;   9.4;   3.1;   10;   7.1;   4;-999;-999;  -999;  16.6;    -999;   16.8;   87.00;   21.0;   14.8;   14.7;eor
      19207;20230803;   10;  11.7;   3.7;   10;  10.5;   4;-999;-999;  -999;  17.7;    -999;   17.3;   90.00;   21.7;   15.2;   14.0;eor
      19207;20230804;   10;   8.2;   3.1;   10;   0.2;   4;-999;-999;  -999;  16.3;    -999;   17.8;   81.00;   22.4;   14.9;   13.4;eor
      19207;20230805;   10;   6.3;   1.6;   10;   0.0;   0;-999;-999;  -999;  13.3;    -999;   17.1;   70.00;   21.5;   11.3;    9.6;eor
      19207;20230806;   10;   7.4;   1.9;   10;   9.6;   4;-999;-999;  -999;  14.3;    -999;   15.9;   79.00;   19.1;   13.6;   12.8;eor
      19207;20230807;   10;  19.0;   6.9;   10;   0.0;   0;-999;-999;  -999;  12.8;    -999;   15.7;   73.00;   19.7;   13.3;   12.5;eor
      19207;20230808;   10;  19.5;   7.1;   10;   4.8;   4;-999;-999;  -999;  12.3;    -999;   14.4;   75.00;   19.9;   11.7;   10.6;eor
      19207;20230809;   10;  15.4;   4.1;   10;   6.5;   4;-999;-999;  -999;  12.5;    -999;   13.8;   80.00;   19.3;   10.0;    8.4;eor
      19207;20230810;   10;   9.5;   2.7;   10;   0.0;   0;-999;-999;  -999;  12.1;    -999;   14.5;   75.00;   20.1;    9.7;    7.9;eor
      19207;20230811;   10;   6.2;   1.5;   10;   0.0;   0;-999;-999;  -999;  14.4;    -999;   17.4;   74.00;   24.4;    9.2;    7.9;eor
      19207;20230812;   10;  11.5;   2.4;   10;   0.0;   0;-999;-999;  -999;  18.6;    -999;   21.0;   75.00;   26.9;   15.8;   14.0;eor
      19207;20230813;   10;   8.6;   2.3;   10;   0.2;   4;-999;-999;  -999;  16.8;    -999;   19.7;   75.00;   25.5;   14.0;   12.3;eor
      19207;20230814;   10;   7.1;   1.3;   10;   0.0;   0;-999;-999;  -999;  18.0;    -999;   22.2;   70.00;   28.4;   15.0;   13.8;eor
      19207;20230815;   10;   8.6;   2.3;   10;   1.4;   4;-999;-999;  -999;  21.4;    -999;   22.9;   78.00;   28.6;   18.7;   17.3;eor
      19207;20230816;   10;   5.4;   1.5;   10;   0.0;   0;-999;-999;  -999;  16.9;    -999;   20.0;   74.00;   25.0;   16.1;   15.2;eor
      19207;20230817;   10;   9.4;   2.2;   10;   4.0;   4;-999;-999;  -999;  16.9;    -999;   17.7;   83.00;   21.1;   15.4;   14.4;eor
      19207;20230818;   10;   9.5;   2.1;   10;   0.0;   0;-999;-999;  -999;  20.3;    -999;   21.2;   82.00;   28.7;   15.4;   14.2;eor
      19207;20230819;   10;   8.2;   2.1;   10;   0.0;   0;-999;-999;  -999;  22.2;    -999;   24.1;   76.00;   30.9;   18.1;   18.2;eor
      19207;20230820;   10;   7.6;   2.2;   10;   0.0;   0;-999;-999;  -999;  18.7;    -999;   20.7;   78.00;   24.8;   16.0;   15.1;eor
      19207;20230821;   10;   8.8;   2.0;   10;   0.0;   0;-999;-999;  -999;  15.9;    -999;   18.9;   75.00;   23.7;   12.3;   10.5;eor
      19207;20230822;   10;   7.2;   1.5;   10;   0.0;   0;-999;-999;  -999;  15.4;    -999;   18.9;   74.00;   26.7;   10.6;    9.9;eor
      19207;20230823;   10;   6.8;   1.6;   10;   0.0;   4;-999;-999;  -999;  16.1;    -999;   18.8;   76.00;   24.3;   12.0;   10.9;eor
      19207;20230824;   10;   5.9;   1.4;   10;   2.0;   4;-999;-999;  -999;  17.4;    -999;   20.4;   74.00;   25.5;   16.2;   14.6;eor
      19207;20230825;   10;   6.5;   1.9;   10;   0.5;   4;-999;-999;  -999;  21.1;    -999;   20.3;   89.00;   23.8;   17.2;   15.8;eor
      19207;20230826;   10;  13.9;   2.8;   10;   1.3;   4;-999;-999;  -999;  17.8;    -999;   18.6;   83.00;   23.6;   12.0;   10.3;eor
      19207;20230827;   10;   8.9;   2.2;   10;   0.9;   4;-999;-999;  -999;  14.4;    -999;   15.9;   81.00;   21.7;   10.8;    9.2;eor
      19207;20230828;   10;   8.9;   2.4;   10;   0.0;   0;-999;-999;  -999;  13.6;    -999;   15.0;   81.00;   20.6;   10.4;    9.3;eor
      19207;20230829;   10;   5.5;   1.5;   10;   0.0;   0;-999;-999;  -999;  14.5;    -999;   14.8;   86.00;   18.6;   10.3;    8.5;eor
      19207;20230830;   10;   8.6;   1.4;   10;   0.9;   4;-999;-999;  -999;  14.2;    -999;   15.9;   80.00;   20.9;   10.6;    9.3;eor
      19207;20230831;   10;   9.9;   3.2;   10;   0.0;   0;-999;-999;  -999;  13.1;    -999;   14.7;   79.00;   19.2;   11.6;   10.3;eor
      19207;20230901;   10;   8.4;   3.2;   10;   0.0;   0;-999;-999;  -999;  13.5;    -999;   15.3;   79.00;   21.7;   11.3;    8.7;eor
      19207;20230902;   10;   6.6;   1.9;   10;   0.0;   0;-999;-999;  -999;  13.2;    -999;   16.4;   74.00;   22.1;   10.0;    7.4;eor
      19207;20230903;   10;  10.2;   2.7;   10;   0.0;   0;-999;-999;  -999;  14.0;    -999;   16.3;   77.00;   20.4;   11.6;    9.9;eor
      19207;20230904;   10;   6.4;   1.5;   10;   0.0;   0;-999;-999;  -999;  14.9;    -999;   18.4;   74.00;   25.8;   11.5;    9.6;eor
      19207;20230905;   10;   6.4;   1.3;   10;   0.0;   0;-999;-999;  -999;  16.2;    -999;   19.9;   73.00;   29.6;    9.8;    8.7;eor
      19207;20230906;   10;   6.5;   1.2;   10;   0.0;   0;-999;-999;  -999;  16.9;    -999;   21.1;   71.00;   30.4;   11.8;   10.7;eor
      19207;20230907;   10;   7.2;   1.9;   10;   0.0;   4;-999;-999;  -999;  17.1;    -999;   20.5;   75.00;   29.1;   13.9;   11.6;eor
      19207;20230908;   10;   6.3;   1.8;   10;   0.0;   0;-999;-999;  -999;  16.4;    -999;   21.1;   69.00;   29.8;   12.7;    9.9;eor
      19207;20230909;   10;   6.6;   1.3;   10;   0.0;   0;-999;-999;  -999;  15.5;    -999;   21.3;   67.00;   31.4;   11.5;    9.6;eor
      19207;20230910;   10;   7.3;   1.5;   10;   0.0;   0;-999;-999;  -999;  17.6;    -999;   18.7;   82.00;   25.9;   12.0;   10.6;eor
      19207;20230911;   10;   6.2;   0.9;   10;   0.0;   0;-999;-999;  -999;  17.9;    -999;   20.4;   78.00;   29.4;   14.7;   14.7;eor
      19207;20230912;   10;   6.6;   1.2;   10;  18.1;   4;-999;-999;  -999;  19.6;    -999;   18.4;   92.00;   23.0;   14.8;   13.7;eor
      19207;20230913;   10;   8.8;   1.8;   10;   8.4;   4;-999;-999;  -999;  16.9;    -999;   15.6;   95.00;   18.6;   11.0;    9.0;eor
      19207;20230914;   10;   5.1;   1.2;   10;   0.0;   4;-999;-999;  -999;  12.6;    -999;   13.2;   84.00;   18.5;    8.3;    7.0;eor
      19207;20230915;   10;   7.0;   1.6;   10;   0.0;   0;-999;-999;  -999;  12.9;    -999;   14.8;   79.00;   21.8;    6.4;    5.4;eor
      19207;20230916;   10;   6.6;   1.5;   10;   0.0;   0;-999;-999;  -999;  14.6;    -999;   17.0;   77.00;   24.0;   10.7;    8.3;eor
      19207;20230917;   10;   6.9;   1.6;   10;   0.0;   0;-999;-999;  -999;  16.3;    -999;   17.8;   81.00;   24.8;    9.8;    8.7;eor
      19207;20230918;   10;   9.2;   2.8;   10;   0.0;   0;-999;-999;  -999;  18.0;    -999;   20.4;   76.00;   25.3;   15.8;   14.0;eor
      19207;20230919;   10;  14.8;   5.8;   10;   0.0;   0;-999;-999;  -999;  13.3;    -999;   17.7;   66.00;   19.2;   15.4;   14.1;eor
      19207;20230920;   10;  11.9;   4.1;   10;   0.0;   0;-999;-999;  -999;  15.0;    -999;   19.5;   66.00;   24.2;   16.5;   14.6;eor
      19207;20230921;   10;  10.5;   2.6;   10;   2.6;   4;-999;-999;  -999;  15.6;    -999;   20.7;   65.00;   27.0;   14.6;   12.0;eor
      19207;20230922;   10;   9.2;   2.9;   10;   0.0;   4;-999;-999;  -999;  15.1;    -999;   16.4;   81.00;   20.7;   12.1;    9.5;eor
      19207;20230923;   10;  11.6;   3.4;   10;   0.1;   4;-999;-999;  -999;  13.1;    -999;   14.1;   82.00;   18.6;   10.6;    8.4;eor
      19207;20230924;   10;   5.7;   1.9;   10;   0.0;   0;-999;-999;  -999;  12.0;    -999;   13.4;   80.00;   19.7;    9.0;    6.6;eor
      19207;20230925;   10;   9.5;   2.2;   10;   0.0;   0;-999;-999;  -999;  12.1;    -999;   14.3;   76.00;   20.2;    9.0;    6.5;eor
      19207;20230926;   10;   6.4;   1.1;   10;   0.0;   0;-999;-999;  -999;  13.9;    -999;   14.8;   83.00;   23.1;    5.9;    5.0;eor
      19207;20230927;   10;   4.7;   1.0;   10;   0.0;   0;-999;-999;  -999;  15.4;    -999;   16.5;   83.00;   24.9;    8.8;    7.7;eor
      19207;20230928;   10;   6.5;   1.6;   10;   0.0;   0;-999;-999;  -999;  16.7;    -999;   17.9;   83.00;   24.6;   12.2;   10.6;eor
      19207;20230929;   10;  14.4;   2.3;   10;   1.2;   4;-999;-999;  -999;  16.4;    -999;   16.9;   86.00;   22.7;   11.9;   10.1;eor
      19207;20230930;   10;  10.7;   3.4;   10;   0.0;   0;-999;-999;  -999;  13.1;    -999;   13.9;   83.00;   19.0;    9.6;    7.4;eor
      19207;20231001;   10;   8.2;   2.2;   10;   0.5;   4;-999;   0;  -999;  14.3;    -999;   14.9;   84.00;   19.3;   12.2;   10.8;eor
      19207;20231002;   10;   7.6;   2.0;   10;   0.0;   0;-999;   0;  -999;  17.4;    -999;   18.4;   83.00;   23.4;   14.8;   12.9;eor
      19207;20231003;   10;  19.4;   5.2;   10;   2.2;   4;-999;   0;  -999;  15.0;    -999;   16.3;   81.00;   23.2;   11.5;   10.1;eor
      19207;20231004;   10;  13.3;   6.0;   10;   0.6;   4;-999;   0;  -999;  12.6;    -999;   14.2;   78.00;   18.6;   12.0;   10.7;eor
      19207;20231005;   10;  12.2;   4.5;   10;   3.7;   4;-999;   0;  -999;  12.3;    -999;   13.2;   82.00;   17.5;    8.8;    6.5;eor
      19207;20231006;   10;-999;-999;   10;   2.2;   4;-999;   0;  -999;  -999;    -999;   14.0;-999;   17.0;   10.5;   10.1;eor
      19207;20231007;   10;-999;-999;   10;   7.0;   4;-999;   0;  -999;  -999;    -999;   13.2;-999;   17.0;   10.5;   10.0;eor
      19207;20231008;   10;-999;-999;   10;   3.5;   4;-999;   0;  -999;  -999;    -999;   10.5;-999;   14.5;    6.5;    3.0;eor
      19207;20231009;   10;-999;-999;   10;   0.2;   4;-999;   0;  -999;  -999;    -999;   10.2;-999;   12.5;    7.5;    7.5;eor
      19207;20231010;   10;-999;-999;   10;   0.0;   0;-999;   0;  -999;  -999;    -999;   13.4;-999;   16.4;   11.2;   11.0;eor
      19207;20231011;   10;  14.5;   5.5;   10;  17.3;   4;-999;   0;  -999;  15.5;    -999;   16.6;   82.00;   18.7;   14.4;   13.2;eor
      19207;20231012;   10;  10.2;   3.3;   10;   0.3;   4;-999;   0;  -999;  11.8;    -999;   12.0;   85.00;   15.8;    7.0;    5.5;eor
      19207;20231013;   10;  19.2;   4.8;   10;  11.3;   4;-999;   0;  -999;  15.9;    -999;   16.1;   87.00;   21.3;    8.7;    8.4;eor
      19207;20231014;   10;  16.2;   6.4;   10;   2.5;   4;-999;   0;  -999;  11.1;    -999;   11.6;   81.00;   18.0;    6.8;    5.5;eor
      19207;20231015;   10;  15.0;   7.4;   10;   0.0;   0;-999;   0;  -999;   8.4;    -999;    7.7;   80.00;   11.0;    5.3;    3.5;eor
      19207;20231016;   10;   9.2;   3.2;   10;   1.1;   4;-999;   0;  -999;   8.7;    -999;    7.0;   87.00;   10.3;    3.7;    1.7;eor
      19207;20231017;   10;   4.9;   1.6;   10;   0.0;   0;-999;   0;  -999;   8.9;    -999;    7.9;   83.00;   11.9;    4.3;    1.7;eor
      19207;20231018;   10;   7.3;   1.5;   10;   0.0;   0;-999;   0;  -999;   8.0;    -999;    7.1;   80.00;   13.1;    0.9;   -1.1;eor
      19207;20231019;   10;  11.5;   4.0;   10;   5.2;   4;-999;   0;  -999;   8.6;    -999;    7.8;   81.00;    9.3;    6.4;    5.6;eor
      19207;20231020;   10;  16.5;   5.5;   10;  20.6;   4;-999;   0;  -999;   8.5;    -999;    6.1;   90.00;    7.2;    4.8;    4.7;eor
      19207;20231021;   10;   6.3;   1.8;   10;   1.9;   4;-999;   0;  -999;  10.7;    -999;    8.1;   98.00;   11.5;    4.9;    4.9;eor
      19207;20231022;   10;  11.6;   2.6;   10;   0.0;   4;-999;   0;  -999;  11.2;    -999;   10.6;   88.00;   15.8;    6.9;    4.6;eor
      19207;20231023;   10;   5.7;   1.8;   10;   0.0;   0;-999;   0;  -999;  10.1;    -999;    8.9;   90.00;   14.5;    4.9;    2.7;eor
      19207;20231024;   10;   6.8;   1.9;   10;   3.3;   4;-999;   0;  -999;  11.7;    -999;   10.1;   94.00;   12.3;    5.6;    5.4;eor
      19207;20231025;   10;   6.5;   1.3;   10;   0.0;   4;-999;   0;  -999;  11.4;    -999;   10.2;   92.00;   14.0;    7.0;    5.8;eor
      19207;20231026;   10;   7.4;   2.2;   10;   0.0;   0;-999;   0;  -999;  10.8;    -999;    9.5;   91.00;   11.6;    7.9;    7.4;eor
      19207;20231027;   10;   7.1;   2.2;   10;   2.1;   4;-999;   0;  -999;   9.9;    -999;    8.3;   91.00;   10.1;    6.7;    6.5;eor
      19207;20231028;   10;   6.4;   2.0;   10;   1.6;   4;-999;   0;  -999;  10.0;    -999;    7.7;   95.00;    9.2;    6.8;    6.6;eor
      19207;20231029;   10;  12.5;   4.0;   10;   3.3;   4;-999;   0;  -999;  12.3;    -999;   12.1;   87.00;   15.7;    9.2;    9.1;eor
      19207;20231030;   10;  12.8;   3.8;   10;   3.9;   4;-999;   0;  -999;  11.4;    -999;   12.0;   82.00;   15.1;    9.8;    8.3;eor
      19207;20231031;   10;  17.1;   4.1;   10;   0.6;   4;-999;   0;  -999;  10.8;    -999;    8.8;   93.00;   12.2;    2.8;    1.4;eor
      19207;20231101;   10;   8.0;   2.5;   10;   0.0;   4;-999;   0;  -999;   9.5;    -999;    7.6;   89.00;   11.9;    1.6;   -0.2;eor
      19207;20231102;   10;  11.9;   3.5;   10;   0.0;   4;-999;   0;  -999;  10.5;    -999;   10.9;   81.00;   13.2;    8.1;    6.2;eor
      19207;20231103;   10;   9.9;   3.0;   10;   0.0;   0;-999;   0;  -999;   9.5;    -999;    9.6;   80.00;   12.5;    7.6;    5.9;eor
      19207;20231104;   10;  10.0;   3.9;   10;   2.2;   4;-999;   0;  -999;   8.4;    -999;    8.4;   76.00;   11.3;    5.0;    3.5;eor
      19207;20231105;   10;   9.1;   3.0;   10;   3.3;   4;-999;   0;  -999;  10.7;    -999;    9.5;   90.00;   11.3;    7.7;    6.8;eor
      19207;20231106;   10;  14.1;   6.5;   10;   0.0;   4;-999;   0;  -999;  10.2;    -999;   10.2;   82.00;   11.9;    8.1;    6.8;eor
      19207;20231107;   10;  11.0;   5.0;   10;   0.7;   4;-999;   0;  -999;   9.8;    -999;    9.5;   82.00;   12.2;    7.0;    5.6;eor
      19207;20231108;   10;  11.7;   5.1;   10;   0.9;   4;-999;   0;  -999;   9.2;    -999;    8.6;   82.00;   11.1;    6.5;    5.1;eor
      19207;20231109;   10;  10.0;   4.0;   10;   0.6;   4;-999;   0;  -999;  10.1;    -999;    8.7;   90.00;    9.7;    7.4;    6.0;eor
      19207;20231110;   10;   9.1;   2.9;   10;   0.3;   4;-999;   0;  -999;   8.8;    -999;    7.7;   84.00;    9.9;    5.8;    4.3;eor
      19207;20231111;   10;   5.0;   1.5;   10;   0.0;   0;-999;   0;  -999;   8.5;    -999;    6.3;   89.00;    9.5;    2.4;    0.6;eor
      19207;20231112;   10;   5.7;   1.9;   10;   1.2;   4;-999;   0;  -999;   8.8;    -999;    6.1;   93.00;    8.2;    3.5;    3.6;eor
      19207;20231113;   10;  10.6;   3.2;   10;   7.5;   4;-999;   0;  -999;   8.4;    -999;    6.5;   87.00;    9.3;    3.4;    2.1;eor
      19207;20231114;   10;  19.9;   6.9;   10;   2.1;   4;-999;   0;  -999;  10.5;    -999;    9.9;   86.00;   11.8;    7.0;    5.6;eor
      19207;20231115;   10;   7.7;   2.2;   10;   3.3;   4;-999;   0;  -999;   9.4;    -999;    7.3;   92.00;    8.5;    6.1;    5.6;eor
      19207;20231116;   10;  15.0;   6.7;   10;   5.3;   4;-999;   0;  -999;   8.4;    -999;    5.9;   90.00;    8.5;    3.9;    3.8;eor
      19207;20231117;   10;   9.6;   4.0;   10;   2.2;   4;-999;   0;  -999;   8.0;    -999;    5.5;   89.00;    7.1;    4.1;    3.3;eor
      19207;20231118;   10;   9.2;   1.7;   10;   6.9;   4;-999;   0;  -999;   7.5;    -999;    4.2;   91.00;    6.1;    2.7;    1.0;eor
      19207;20231119;   10;  11.2;   4.5;   10;   9.7;   4;-999;   0;  -999;   9.9;    -999;    7.6;   93.00;   11.5;    4.1;    3.6;eor
      19207;20231120;   10;   7.8;   1.6;   10;   0.1;   4;-999;   0;  -999;  10.5;    -999;    8.3;   96.00;   10.6;    5.9;    5.7;eor
      19207;20231121;   10;   9.2;   2.2;   10;   0.0;   4;-999;   0;  -999;   7.1;    -999;    4.4;   85.00;    6.0;    0.6;   -1.5;eor
      19207;20231122;   10;  11.5;   3.2;   10;   0.2;   4;-999;   0;  -999;   5.3;    -999;    1.1;   81.00;    3.7;   -2.2;   -4.0;eor
      19207;20231123;   10;  20.5;   9.6;   10;   4.7;   4;-999;   0;  -999;   9.8;    -999;    8.5;   88.00;   11.5;    3.7;    2.7;eor
      19207;20231124;   10;  15.4;   6.2;   10;   4.5;   4;-999;   0;  -999;   6.2;    -999;    3.9;   77.00;    5.8;    1.3;   -0.2;eor
      19207;20231125;   10;  11.2;   3.3;   10;   0.4;   4;-999;   0;  -999;   5.6;    -999;    1.9;   79.00;    5.2;   -0.7;   -3.2;eor
      19207;20231126;   10;   6.4;   2.1;   10;   0.0;   0;-999;   0;  -999;   4.8;    -999;   -0.7;   83.00;    2.0;   -3.2;   -5.4;eor
      19207;20231127;   10;   6.5;   2.0;   10;   0.0;   0;-999;   0;  -999;   5.0;    -999;   -0.9;   87.00;    1.2;   -2.8;   -4.2;eor
      19207;20231128;   10;   8.2;   2.3;   10;   3.0;   4;-999;   0;  -999;   4.1;    -999;   -2.1;   78.00;    0.1;   -4.5;   -6.2;eor
      19207;20231129;   10;   7.8;   2.9;   10;   1.9;   4;-999;   7;  -999;   5.3;    -999;   -1.0;   93.00;    0.3;   -3.3;   -6.8;eor
      19207;20231130;   10;   6.8;   2.5;   10;   0.0;   0;-999;   9;  -999;   3.5;    -999;   -5.6;   88.00;   -2.2;  -10.7;  -15.5;eor
      19207;20231201;   10;   5.0;   1.8;   10;   0.0;   0;-999;   7;  -999;   4.5;    -999;   -3.2;   93.00;   -0.7;   -4.9;   -6.7;eor
      19207;20231202;   10;   5.7;   2.0;   10;   0.5;   4;-999;   6;  -999;   4.8;    -999;   -2.0;   91.00;   -0.1;   -6.4;  -11.2;eor
      19207;20231203;   10;   8.3;   3.1;   10;   0.0;   4;-999;   7;  -999;   4.5;    -999;   -2.8;   90.00;   -1.5;   -4.5;   -7.2;eor
      19207;20231204;   10;   6.9;   2.4;   10;   0.0;   0;-999;   5;  -999;   4.4;    -999;   -2.4;   86.00;   -0.6;   -6.4;  -10.7;eor
      19207;20231205;   10;   8.5;   2.9;   10;   3.9;   4;-999;   5;  -999;   4.4;    -999;   -2.8;   87.00;   -2.2;   -3.9;   -6.4;eor
      19207;20231206;   10;   6.8;   1.9;   10;   0.6;   4;-999;   9;  -999;   5.1;    -999;   -1.5;   92.00;   -0.7;   -2.5;   -2.5;eor
      19207;20231207;   10;   4.9;   1.4;   10;   0.0;   0;-999;   8;  -999;   5.9;    -999;   -0.2;   98.00;    0.7;   -1.1;   -1.0;eor
      19207;20231208;   10;   8.0;   2.6;   10;   1.0;   4;-999;   7;  -999;   5.9;    -999;    0.2;   95.00;    1.3;   -1.1;   -1.0;eor
      19207;20231209;   10;   8.1;   2.5;   10;   3.3;   4;-999;   6;  -999;   6.9;    -999;    2.1;   97.00;    3.7;    0.6;    0.2;eor
      19207;20231210;   10;  10.9;   3.4;   10;   8.0;   4;-999;   0;  -999;   8.6;    -999;    5.5;   95.00;    7.6;    2.9;    2.4;eor
      19207;20231211;   10;   5.5;   1.9;   10;   7.9;   4;-999;   0;  -999;   9.2;    -999;    6.1;   98.00;    8.4;    4.7;    4.3;eor
      19207;20231212;   10;   7.7;   2.0;   10;   2.6;   4;-999;   0;  -999;   8.0;    -999;    4.2;   98.00;    5.0;    3.6;    3.5;eor
      19207;20231213;   10;   9.7;   4.1;   10;   7.4;   4;-999;   0;  -999;   7.3;    -999;    3.5;   93.00;    3.8;    2.8;    2.3;eor
      19207;20231214;   10;   9.1;   2.3;   10;   0.0;   0;-999;   0;  -999;   6.8;    -999;    2.7;   91.00;    3.6;   -0.7;   -2.3;eor
      19207;20231215;   10;   7.6;   3.6;   10;   0.0;   0;-999;   0;  -999;   7.7;    -999;    3.7;   96.00;    6.8;    0.2;   -0.6;eor
      19207;20231216;   10;  15.8;   6.5;   10;   0.0;   0;-999;   0;  -999;   9.1;    -999;    7.0;   90.00;    9.0;    4.4;    2.7;eor
      19207;20231217;   10;  15.1;   7.4;   10;   0.0;   0;-999;   0;  -999;   9.6;    -999;    9.1;   83.00;   10.3;    7.7;    6.6;eor
      19207;20231218;   10;  13.4;   7.2;   10;   2.1;   4;-999;   0;  -999;   9.4;    -999;    7.6;   91.00;    8.6;    7.0;    6.6;eor
      19207;20231219;   10;  14.3;   6.5;   10;   6.4;   4;-999;   0;  -999;   9.5;    -999;    7.2;   93.00;    7.9;    5.3;    4.4;eor
      19207;20231220;   10;  15.5;   6.7;   10;   9.2;   4;-999;   0;  -999;   7.7;    -999;    5.2;   87.00;    6.2;    4.2;    3.1;eor
      19207;20231221;   10;  24.2;   8.1;   10;  11.0;   4;-999;   0;  -999;   8.3;    -999;    6.7;   84.00;    9.3;    4.0;    3.4;eor
      19207;20231222;   10;  27.2;   9.6;   10;   0.0;   0;-999;   0;  -999;   5.3;    -999;    3.9;   66.00;    5.8;    1.7;    0.7;eor
      19207;20231223;   10;  14.5;   6.0;   10;   4.9;   4;-999;   0;  -999;   6.0;    -999;    2.5;   81.00;    3.3;    1.4;    0.3;eor
      19207;20231224;   10;  21.1;   6.4;   10;   2.7;   4;-999;   0;  -999;   9.6;    -999;    7.3;   91.00;   12.3;    0.3;    0.0;eor
      19207;20231225;   10;  20.5;   8.1;   10;   3.5;   4;-999;   0;  -999;   8.0;    -999;    8.1;   74.00;   11.0;    5.7;    4.6;eor
      19207;20231226;   10;  19.4;   7.8;   10;   0.7;   4;-999;   0;  -999;   8.6;    -999;    7.1;   85.00;    9.1;    4.1;    2.9;eor
      19207;20231227;   10;  11.3;   3.7;   10;   0.2;   4;-999;   0;  -999;   6.9;    -999;    3.5;   88.00;    5.3;    1.4;   -0.2;eor
      19207;20231228;   10;  15.2;   7.2;   10;   0.5;   4;-999;   0;  -999;   8.8;    -999;    8.7;   78.00;   10.9;    5.1;    4.2;eor
      19207;20231229;   10;  18.4;   7.6;   10;   1.8;   4;-999;   0;  -999;   8.6;    -999;    8.2;   79.00;   10.1;    5.8;    4.6;eor
      19207;20231230;   10;  15.4;   5.5;   10;   1.1;   4;-999;   0;  -999;   7.7;    -999;    5.3;   86.00;    6.3;    3.3;    1.0;eor
      19207;20231231;   10;   8.3;   2.7;   10;   1.6;   4;-999;   0;  -999;   8.1;    -999;    5.6;   89.00;    7.1;    3.8;    2.2;eor
      19207;20240101;   10;   7.8;   3.6;   10;   0.8;   4;-999;   0;  -999;   8.0;    -999;    6.4;   83.00;    7.9;    4.8;    2.2;eor
      19207;20240102;   10;  10.9;   3.3;   10;  15.5;   4;-999;   0;  -999;   7.7;    -999;    4.3;   92.00;    5.1;    3.0;    1.6;eor
      19207;20240103;   10;  12.9;   5.4;   10;   6.7;   4;-999;   0;  -999;   9.5;    -999;    8.1;   88.00;   10.2;    4.9;    4.7;eor
      19207;20240104;   10;  10.8;   3.6;   10;   0.8;   4;-999;   0;  -999;   6.2;    -999;    2.1;   87.00;    7.7;   -0.8;   -1.0;eor
      19207;20240105;   10;  10.9;   3.4;   10;   3.8;   4;-999;   0;  -999;   4.7;    -999;   -1.3;   85.00;   -0.6;   -2.0;   -2.0;eor
      19207;20240106;   10;  10.8;   4.1;   10;   1.0;   4;-999;   4;  -999;   4.4;    -999;   -1.4;   81.00;   -0.3;   -2.0;   -2.8;eor
      19207;20240107;   10;   9.0;   3.1;   10;   0.3;   4;-999;   4;  -999;   4.1;    -999;   -1.2;   73.00;   -0.5;   -1.9;   -4.2;eor
      19207;20240108;   10;  10.2;   2.5;   10;   0.0;   0;-999;   2;  -999;   3.9;    -999;   -2.5;   77.00;   -0.1;   -7.3;  -10.7;eor
      19207;20240109;   10;   2.6;   0.6;   10;   0.0;   0;-999;   2;  -999;   3.4;    -999;   -6.7;   91.00;   -3.6;  -10.6;  -12.5;eor
      19207;20240110;   10;   5.2;   1.4;   10;   0.0;   0;-999;   2;  -999;   4.5;    -999;   -3.5;   94.00;   -0.3;   -6.9;   -7.0;eor
      19207;20240111;   10;   7.4;   3.0;   10;   0.0;   0;-999;   2;  -999;   5.7;    -999;   -0.2;   95.00;    1.9;   -3.7;   -6.0;eor
      19207;20240112;   10;   8.1;   3.1;   10;   0.0;   0;-999;   1;  -999;   5.5;    -999;   -1.1;   96.00;    1.6;   -4.6;   -5.8;eor
      19207;20240113;   10;  14.7;   6.2;   10;   1.0;   4;-999;   0;  -999;   6.7;    -999;    2.6;   91.00;    4.2;    1.3;    0.8;eor
      19207;20240114;   10;  13.2;   6.7;   10;   1.6;   4;-999;   0;  -999;   6.3;    -999;    2.6;   86.00;    4.3;    1.1;    0.2;eor
      19207;20240115;   10;  17.4;   6.2;   10;   0.1;   4;-999;   0;  -999;   4.8;    -999;    0.5;   75.00;    2.5;   -2.8;   -5.0;eor
      19207;20240116;   10;  11.5;   2.9;   10;   0.9;   4;-999;   0;  -999;   5.0;    -999;   -1.2;   89.00;    0.3;   -3.3;   -4.5;eor
      19207;20240117;   10;   9.7;   3.7;   10;   0.0;   0;-999;   1;  -999;   4.1;    -999;   -2.3;   79.00;   -0.5;   -5.4;   -8.1;eor
      19207;20240118;   10;  10.3;   2.7;   10;   0.0;   0;-999;   1;  -999;   4.2;    -999;   -3.0;   86.00;    0.9;   -6.1;   -9.2;eor
      19207;20240119;   10;  14.3;   7.8;   10;   0.0;   4;-999;   1;  -999;   5.3;    -999;    0.7;   82.00;    2.2;   -1.2;   -2.3;eor
      19207;20240120;   10;  14.3;   6.7;   10;   0.0;   0;-999;   1;  -999;   5.7;    -999;    2.0;   81.00;    3.5;   -0.4;   -1.6;eor
      19207;20240121;   10;  12.4;   5.2;   10;   0.7;   4;-999;   0;  -999;   4.3;    -999;    1.7;   62.00;    3.9;   -0.8;   -2.1;eor
      19207;20240122;   10;  17.7;   7.2;   10;   4.1;   4;-999;   0;  -999;   8.2;    -999;    6.6;   83.00;    9.1;    3.7;    2.9;eor
      19207;20240123;   10;  16.1;   7.3;   10;   8.8;   4;-999;   0;  -999;   7.6;    -999;    6.0;   81.00;    7.9;    4.5;    3.6;eor
      19207;20240124;   10;  22.3;  10.6;   10;   1.4;   4;-999;   0;  -999;   9.1;    -999;    8.6;   82.00;   11.2;    5.4;    4.9;eor
      19207;20240125;   10;  19.4;   7.3;   10;   0.0;   0;-999;   0;  -999;   7.6;    -999;    6.9;   77.00;    8.2;    4.4;    3.2;eor
      19207;20240126;   10;  22.0;   5.8;   10;   7.0;   4;-999;   0;  -999;   7.9;    -999;    5.7;   86.00;    9.5;    3.1;    2.0;eor
      19207;20240127;   10;  14.2;   5.6;   10;   0.0;   0;-999;   0;  -999;   7.3;    -999;    5.2;   82.00;    7.5;    2.2;   -0.1;eor
      19207;20240128;   10;   8.2;   2.6;   10;   0.0;   0;-999;   0;  -999;   6.1;    -999;    3.0;   81.00;    7.4;   -0.7;   -2.4;eor
      19207;20240129;   10;   7.3;   2.5;   10;   0.0;   0;-999;   0;  -999;   5.6;    -999;    4.6;   66.00;    8.5;    1.5;   -0.9;eor
      19207;20240130;   10;  12.5;   2.6;   10;   0.2;   4;-999;   0;  -999;   7.6;    -999;    5.5;   83.00;    8.9;    0.8;   -1.1;eor
      19207;20240131;   10;  15.0;   7.0;   10;   0.9;   4;-999;   0;  -999;   6.9;    -999;    5.4;   77.00;    8.1;    3.9;    3.4;eor
      19207;20240201;   10;  16.9;   7.5;   10;   0.0;   0;-999;   0;  -999;   7.2;    -999;    5.7;   79.00;    7.9;    3.4;    2.0;eor
      19207;20240202;   10;  15.4;   7.0;   10;   0.2;   4;-999;   0;  -999;   8.4;    -999;    5.8;   91.00;    9.1;    3.8;    2.9;eor
      19207;20240203;   10;  14.1;   7.3;   10;   0.3;   4;-999;   0;  -999;   9.6;    -999;    8.9;   83.00;   10.9;    5.9;    4.9;eor
      19207;20240204;   10;  17.9;   7.7;   10;   2.3;   4;-999;   0;  -999;   8.0;    -999;    6.9;   81.00;    8.1;    5.7;    4.5;eor
      19207;20240205;   10;  18.7;   7.5;   10;  13.9;   4;-999;   0;  -999;   9.8;    -999;    7.9;   92.00;    8.6;    6.6;    6.3;eor
      19207;20240206;   10;  17.0;   9.4;   10;   5.1;   4;-999;   0;  -999;  10.0;    -999;    8.8;   87.00;   10.2;    5.1;    3.8;eor
      19207;20240207;   10;  15.2;   5.6;   10;   0.3;   4;-999;   0;  -999;   5.9;    -999;    3.3;   76.00;    5.8;   -1.1;   -3.6;eor
      19207;20240208;   10;   6.9;   2.1;   10;   0.0;   0;-999;   0;  -999;   5.7;    -999;    1.2;   85.00;    3.3;   -0.6;   -1.8;eor
      19207;20240209;   10;  11.4;   3.3;   10;   7.5;   4;-999;   0;  -999;   6.1;    -999;    0.9;   94.00;    1.5;    0.2;    0.1;eor
      19207;20240210;   10;   9.6;   2.8;   10;   0.0;   0;-999;   0;  -999;   7.6;    -999;    3.1;   99.00;    4.9;    1.5;    1.2;eor
      19207;20240211;   10;  10.9;   3.3;   10;   5.2;   4;-999;   0;  -999;   8.0;    -999;    3.8;   99.00;    4.1;    3.4;    3.4;eor
      19207;20240212;   10;  10.3;   3.1;   10;   1.1;   4;-999;   0;  -999;   8.3;    -999;    5.4;   92.00;    7.6;    3.8;    3.7;eor
      19207;20240213;   10;  10.3;   4.4;   10;   1.0;   4;-999;   0;  -999;   7.7;    -999;    5.7;   84.00;    8.6;    3.9;    2.6;eor
      19207;20240214;   10;   7.3;   3.0;   10;   4.2;   4;-999;   0;  -999;   9.2;    -999;    6.4;   93.00;   10.1;    3.5;    2.7;eor
      19207;20240215;   10;   6.3;   3.0;   10;   0.4;   4;-999;   0;  -999;  12.9;    -999;   11.2;   97.00;   12.6;    9.7;    9.2;eor
      19207;20240216;   10;  13.1;   4.5;   10;   0.0;   0;-999;   0;  -999;  11.6;    -999;   11.9;   84.00;   16.1;    9.3;    7.7;eor
      19207;20240217;   10;  12.5;   4.9;   10;   0.0;   0;-999;   0;  -999;   8.1;    -999;    6.9;   81.00;   10.4;    4.0;    2.1;eor
      19207;20240218;   10;   8.6;   2.6;   10;  12.2;   4;-999;   0;  -999;   8.3;    -999;    6.3;   86.00;    8.8;    2.5;    0.8;eor
      19207;20240219;   10;  13.7;   5.0;   10;   0.9;   4;-999;   0;  -999;   9.3;    -999;    7.4;   91.00;    9.8;    5.2;    4.8;eor
      19207;20240220;   10;  12.2;   5.1;   10;   0.4;   4;-999;   0;  -999;   9.0;    -999;    7.7;   86.00;    9.9;    6.3;    5.5;eor
      19207;20240221;   10;  12.6;   5.2;   10;   2.8;   4;-999;   0;  -999;   9.6;    -999;    8.5;   86.00;   11.1;    7.2;    6.0;eor
      19207;20240222;   10;  11.9;   3.9;   10;   2.5;   4;-999;   0;  -999;  10.3;    -999;    8.8;   91.00;   10.9;    7.0;    6.4;eor
      19207;20240223;   10;  19.8;   7.1;   10;   0.0;   0;-999;   0;  -999;   7.1;    -999;    7.4;   69.00;   11.3;    2.7;   -0.5;eor
      19207;20240224;   10;  17.9;   2.9;   10;   1.4;   4;-999;   0;  -999;   6.8;    -999;    4.8;   80.00;   10.0;    0.4;   -2.2;eor
      19207;20240225;   10;   9.6;   2.7;   10;   0.0;   0;-999;   0;  -999;   6.6;    -999;    5.0;   77.00;    9.5;    1.3;   -1.4;eor
      19207;20240226;   10;   5.1;   1.4;   10;   0.0;   0;-999;   0;  -999;   6.7;    -999;    3.1;   88.00;    8.8;   -1.5;   -3.6;eor
      19207;20240227;   10;   6.8;   2.0;   10;   0.0;   0;-999;   0;  -999;   7.1;    -999;    2.5;   97.00;    3.9;    1.0;   -2.2;eor
      19207;20240228;   10;   6.3;   2.3;   10;   0.0;   0;-999;   0;  -999;   6.6;    -999;    3.6;   84.00;    7.0;    0.4;    0.5;eor
      19207;20240229;   10;  10.7;   3.3;   10;   0.0;   0;-999;   0;  -999;   6.6;    -999;    5.2;   76.00;   11.2;    0.5;   -1.2;eor
      19207;20240301;   10;   7.4;   2.4;   10;   1.2;   4;-999;   0;  -999;   8.4;    -999;    6.9;   85.00;   11.4;    3.1;    0.6;eor
      19207;20240302;   10;   6.0;   1.7;   10;   0.6;   4;-999;   0;  -999;   9.7;    -999;    8.0;   91.00;   12.8;    4.8;    2.5;eor
      19207;20240303;   10;   7.3;   2.5;   10;   0.0;   4;-999;   0;  -999;  10.6;    -999;    9.3;   90.00;   13.3;    7.0;    5.5;eor
      19207;20240304;   10;  10.5;   3.5;   10;   0.0;   0;-999;   0;  -999;   8.8;    -999;    7.3;   85.00;   12.0;    2.3;    0.2;eor
      19207;20240305;   10;   9.5;   3.2;   10;   0.0;   4;-999;   0;  -999;   6.6;    -999;    3.5;   84.00;    5.9;    2.1;    0.8;eor
      19207;20240306;   10;   6.2;   1.5;   10;   0.0;   0;-999;   0;  -999;   6.9;    -999;    4.4;   82.00;    7.4;    2.7;    2.4;eor
      19207;20240307;   10;   8.3;   3.0;   10;   0.0;   0;-999;   0;  -999;   6.2;    -999;    4.1;   76.00;    8.6;   -0.4;   -2.6;eor
      19207;20240308;   10;   8.3;   2.7;   10;   0.0;   0;-999;   0;  -999;   5.9;    -999;    2.8;   81.00;    8.6;   -0.6;   -2.9;eor
      19207;20240309;   10;   9.9;   3.7;   10;   0.0;   0;-999;   0;  -999;   6.3;    -999;    4.4;   75.00;    9.4;   -0.1;   -2.2;eor
      19207;20240310;   10;  11.7;   4.0;   10;   0.0;   0;-999;   0;  -999;   7.5;    -999;    7.8;   71.00;   11.8;    3.8;    2.1;eor
      19207;20240311;   10;   8.9;   3.3;   10;   0.0;   0;-999;   0;  -999;   8.5;    -999;    7.4;   83.00;    8.8;    3.9;    0.9;eor
      19207;20240312;   10;   3.1;   0.8;   10;   0.0;   0;-999;   0;  -999;   8.6;    -999;    5.8;   93.00;    9.3;    2.3;    2.8;eor
      19207;20240313;   10;   8.6;   2.9;   10;   0.1;   4;-999;   0;  -999;   9.3;    -999;    9.5;   80.00;   13.8;    5.3;    2.5;eor
      19207;20240314;   10;   9.9;   3.6;   10;   0.0;   0;-999;   0;  -999;  11.2;    -999;   11.2;   84.00;   15.9;    8.2;    6.3;eor
      19207;20240315;   10;  11.8;   3.8;   10;   3.5;   4;-999;   0;  -999;  11.5;    -999;   11.5;   84.00;   16.6;    7.4;    5.7;eor
      19207;20240316;   10;  15.1;   6.2;   10;   2.2;   4;-999;   0;  -999;   8.6;    -999;    8.4;   76.00;   10.8;    5.4;    4.2;eor
      19207;20240317;   10;  11.2;   3.3;   10;   0.0;   0;-999;   0;  -999;   5.8;    -999;    4.0;   71.00;    6.8;   -0.4;   -3.1;eor
      19207;20240318;   10;   7.2;   2.4;   10;   0.0;   0;-999;   0;  -999;   5.0;    -999;    2.2;   71.00;    8.1;   -2.0;   -4.5;eor
      19207;20240319;   10;   8.0;   2.3;   10;   0.0;   0;-999;   0;  -999;   5.5;    -999;    4.3;   68.00;    9.4;   -2.2;   -4.7;eor
      19207;20240320;   10;   4.0;   1.2;   10;   4.4;   4;-999;   0;  -999;   8.6;    -999;    8.3;   77.00;   12.3;    5.7;    4.2;eor
      19207;20240321;   10;   9.9;   3.1;   10;   1.1;   4;-999;   0;  -999;  10.6;    -999;    8.6;   94.00;   11.6;    6.2;    4.9;eor
      19207;20240322;   10;  14.6;   5.2;   10;   0.0;   4;-999;   0;  -999;   9.9;    -999;    9.1;   85.00;   12.1;    6.8;    6.2;eor
      19207;20240323;   10;  13.0;   4.2;   10;   0.0;   0;-999;   0;  -999;   7.5;    -999;    6.4;   79.00;   11.3;    3.2;    2.1;eor
      19207;20240324;   10;  12.3;   4.4;   10;   3.2;   4;-999;   0;  -999;   7.6;    -999;    4.9;   88.00;    8.9;    2.6;    1.7;eor
      19207;20240325;   10;   9.5;   2.7;   10;   1.0;   4;-999;   0;  -999;   7.8;    -999;    6.0;   83.00;    8.6;    2.4;   -0.4;eor
      19207;20240326;   10;  11.5;   2.9;   10;   0.0;   0;-999;   0;  -999;   6.9;    -999;    7.0;   71.00;   12.3;   -0.1;   -2.3;eor
      19207;20240327;   10;   7.1;   2.0;   10;   0.0;   0;-999;   0;  -999;   8.1;    -999;    9.8;   68.00;   17.0;    3.7;    0.3;eor
      19207;20240328;   10;  15.8;   4.5;   10;   0.2;   4;-999;   0;  -999;   8.8;    -999;    8.0;   83.00;   13.6;    3.7;    2.5;eor
      19207;20240329;   10;  12.4;   3.4;   10;   0.9;   4;-999;   0;  -999;   9.1;    -999;    9.1;   78.00;   12.4;    5.6;    3.4;eor
      19207;20240330;   10;   7.3;   1.8;   10;   0.0;   0;-999;   0;  -999;  11.6;    -999;   13.8;   76.00;   21.0;    8.0;    7.2;eor
      19207;20240331;   10;   7.9;   2.4;   10;   0.0;   0;-999;   0;  -999;  10.7;    -999;    9.8;   88.00;   12.9;    6.2;    4.4;eor
      19207;20240401;   10;  14.6;   2.9;   10;  11.4;   4;-999;   0;  -999;  11.0;    -999;    8.9;   96.00;   10.9;    6.7;    7.1;eor
      19207;20240402;   10;  18.0;   7.8;   10;   0.1;   4;-999;   0;  -999;   9.9;    -999;    9.7;   82.00;   12.7;    5.3;    5.4;eor
      19207;20240403;   10;   8.3;   2.5;   10;   3.9;   4;-999;   0;  -999;   8.1;    -999;    6.4;   84.00;    9.7;    2.8;    1.5;eor
      19207;20240404;   10;  11.3;   4.3;   10;   3.9;   4;-999;   0;  -999;  11.1;    -999;   10.7;   87.00;   13.1;    7.4;    7.4;eor
      19207;20240405;   10;  15.7;   5.0;   10;  18.6;   4;-999;   0;  -999;  11.8;    -999;   12.5;   82.00;   17.1;    9.3;    7.8;eor
      19207;20240406;   10;   8.4;   3.6;   10;   0.0;   0;-999;   0;  -999;  12.7;    -999;   15.7;   72.00;   21.1;   10.6;    9.2;eor
      19207;20240407;   10;  13.3;   3.0;   10;   3.6;   4;-999;   0;  -999;  12.0;    -999;   17.3;   62.00;   21.4;   14.0;   11.0;eor
      19207;20240408;   10;   8.0;   2.1;   10;   0.0;   0;-999;   0;  -999;  13.9;    -999;   15.4;   81.00;   20.6;   11.4;   10.0;eor
      19207;20240409;   10;  11.9;   3.3;   10;   0.4;   4;-999;   0;  -999;  12.8;    -999;   14.1;   80.00;   21.7;   10.1;    8.8;eor
      19207;20240410;   10;  14.8;   5.2;   10;   0.0;   0;-999;   0;  -999;   8.6;    -999;   10.6;   68.00;   14.0;    7.4;    3.9;eor
      19207;20240411;   10;  10.6;   4.9;   10;   0.6;   4;-999;   0;  -999;  10.2;    -999;   11.4;   75.00;   13.7;    7.6;    4.7;eor
      19207;20240412;   10;  12.3;   4.6;   10;   0.0;   0;-999;   0;  -999;  13.0;    -999;   14.1;   81.00;   16.9;   10.3;    8.8;eor
      19207;20240413;   10;  12.9;   4.4;   10;   0.0;   0;-999;   0;  -999;  12.4;    -999;   15.1;   73.00;   19.5;    8.3;    6.2;eor
      19207;20240414;   10;  16.4;   6.7;   10;   0.0;   0;-999;   0;  -999;   8.1;    -999;   11.6;   59.00;   17.6;    5.4;    3.1;eor
      19207;20240415;   10;  13.7;   2.9;   10;   3.5;   4;-999;   0;  -999;   8.2;    -999;    8.3;   76.00;   12.2;    3.9;    1.5;eor
      19207;20240416;   10;  12.8;   4.3;   10;   4.0;   4;-999;   0;  -999;   7.6;    -999;    5.9;   82.00;    7.8;    3.3;    2.0;eor
      19207;20240417;   10;   8.9;   2.2;   10;   0.3;   4;-999;   0;  -999;   6.9;    -999;    5.9;   76.00;   10.5;    0.8;   -1.7;eor
      19207;20240418;   10;  10.7;   2.9;   10;   1.1;   4;-999;   0;  -999;   6.5;    -999;    5.7;   73.00;   12.1;   -1.8;   -3.4;eor
      19207;20240419;   10;  10.1;   3.7;   10;  11.5;   4;-999;   0;  -999;   7.9;    -999;    5.8;   85.00;    9.4;    3.8;    3.8;eor
      19207;20240420;   10;   8.9;   2.5;   10;   0.0;   0;-999;   0;  -999;   5.8;    -999;    4.8;   69.00;    8.2;    1.2;   -1.1;eor
      19207;20240421;   10;  12.8;   2.1;   10;   0.6;   4;-999;   0;  -999;   5.5;    -999;    3.6;   70.00;    9.2;   -1.1;   -3.8;eor
      19207;20240422;   10;   7.4;   1.5;   10;   0.9;   4;-999;   0;  -999;   5.7;    -999;    2.5;   79.00;    6.6;   -1.2;   -2.6;eor
      19207;20240423;   10;   8.8;   2.9;   10;   0.9;   4;-999;   0;  -999;   5.5;    -999;    4.6;   66.00;    9.3;   -0.5;   -2.6;eor
      19207;20240424;   10;   8.7;   2.4;   10;   0.6;   4;-999;   0;  -999;   6.9;    -999;    5.0;   80.00;    9.2;    2.0;   -1.1;eor
      19207;20240425;   10;   8.0;   1.4;   10;  11.8;   4;-999;   0;  -999;   7.4;    -999;    4.7;   87.00;    8.8;    0.7;   -1.7;eor
      19207;20240426;   10;  13.1;   2.5;   10;   1.5;   4;-999;   0;  -999;   8.1;    -999;    6.6;   84.00;   11.3;    1.8;   -0.5;eor
      19207;20240427;   10;   8.2;   1.9;   10;   0.0;   0;-999;   0;  -999;   8.9;    -999;   11.5;   69.00;   19.4;    1.3;    0.4;eor
      19207;20240428;   10;  10.1;   2.7;   10;   0.0;   0;-999;   0;  -999;  10.3;    -999;   16.3;   57.00;   23.1;    8.0;    4.2;eor
      19207;20240429;   10;   7.1;   2.0;   10;   0.0;   0;-999;   0;  -999;  10.2;    -999;   14.8;   62.00;   19.7;   10.4;    7.0;eor
      19207;20240430;   10;   8.9;   2.9;   10;   0.0;   0;-999;   0;  -999;  11.6;    -999;   15.1;   67.00;   21.9;    9.0;    6.7;eor
      19207;20240501;   10;  11.3;   3.0;   10;   0.0;   0;-999;-999;  -999;  11.8;    -999;   17.2;   64.00;   25.6;    8.3;    6.9;eor
      19207;20240502;   10;  11.9;   3.3;   10;   0.0;   0;-999;-999;  -999;  11.9;    -999;   18.6;   58.00;   25.7;   10.2;    7.6;eor
      19207;20240503;   10;   8.8;   2.6;   10;  20.4;   4;-999;-999;  -999;  14.0;    -999;   17.8;   70.00;   24.5;   12.1;    9.5;eor
      19207;20240504;   10;   4.9;   2.1;   10;   1.8;   4;-999;-999;  -999;  13.3;    -999;   13.4;   87.00;   15.9;   11.7;   10.8;eor
      19207;20240505;   10;  13.0;   4.3;   10;   0.7;   4;-999;-999;  -999;  12.5;    -999;   13.6;   81.00;   18.1;   10.0;    9.1;eor
      19207;20240506;   10;   8.9;   3.4;   10;   0.0;   0;-999;-999;  -999;  10.5;    -999;   12.6;   73.00;   16.4;   10.3;    8.6;eor
      19207;20240507;   10;   9.4;   3.0;   10;   0.0;   0;-999;-999;  -999;   9.0;    -999;   11.0;   70.00;   15.5;    5.3;    2.8;eor
      19207;20240508;   10;   6.5;   1.7;   10;   0.0;   0;-999;-999;  -999;   8.7;    -999;   10.7;   70.00;   17.5;    3.4;    1.8;eor
      19207;20240509;   10;   5.7;   1.2;   10;   0.0;   0;-999;-999;  -999;   9.6;    -999;   12.8;   68.00;   19.3;    3.6;    2.0;eor
      19207;20240510;   10;   7.8;   2.1;   10;   0.0;   0;-999;-999;  -999;  12.3;    -999;   14.1;   77.00;   18.0;   10.4;    8.5;eor
      19207;20240511;   10;   8.6;   2.4;   10;   0.0;   0;-999;-999;  -999;  11.9;    -999;   13.7;   77.00;   17.8;    9.1;    7.1;eor
      19207;20240512;   10;   8.7;   2.6;   10;   0.0;   0;-999;-999;  -999;   9.6;    -999;   13.4;   66.00;   19.3;    6.2;    4.3;eor
      19207;20240513;   10;   8.9;   2.8;   10;   0.0;   0;-999;-999;  -999;   9.3;    -999;   15.6;   55.00;   23.1;    7.3;    4.7;eor
      19207;20240514;   10;-999;-999;   10;   0.0;   0;-999;-999;  -999;  -999;    -999;   17.0;-999;   24.0;    9.1;    5.0;eor
      19207;20240515;   10;-999;-999;   10;   0.0;   0;-999;-999;  -999;  -999;    -999;   19.0;-999;   24.2;   12.0;    9.0;eor
      19207;20240516;   10;  13.5;   3.8;   10;   0.0;   0;-999;-999;  -999;  10.1;    -999;   19.2;   46.00;   24.8;   12.3;   10.3;eor
      19207;20240517;   10;  13.6;   3.8;   10;   0.0;   0;-999;-999;  -999;   9.8;    -999;   18.4;   47.00;   24.4;   12.7;   10.9;eor
      19207;20240518;   10;   9.3;   2.1;   10;   0.0;   0;-999;-999;  -999;  11.7;    -999;   16.8;   62.00;   23.1;    8.9;    5.9;eor
      19207;20240519;   10;   7.6;   1.7;   10;   7.8;   4;-999;-999;  -999;  14.2;    -999;   15.3;   82.00;   21.0;   11.0;    9.9;eor
      19207;20240520;   10;  12.6;   1.9;   10;   3.7;   4;-999;-999;  -999;  14.7;    -999;   15.9;   83.00;   24.4;   10.8;   10.1;eor
      19207;20240521;   10;  11.3;   3.9;   10;   0.0;   0;-999;-999;  -999;  14.8;    -999;   16.7;   79.00;   22.5;   12.1;   11.3;eor
      19207;20240522;   10;  12.4;   3.1;   10;  25.6;   4;-999;-999;  -999;  16.9;    -999;   18.5;   80.00;   24.8;   14.4;   13.4;eor
      19207;20240523;   10;   8.4;   2.9;   10;   0.4;   4;-999;-999;  -999;  15.7;    -999;   16.4;   85.00;   20.5;   12.4;   11.1;eor
      19207;20240524;   10;   8.9;   2.2;   10;   0.0;   0;-999;-999;  -999;  14.8;    -999;   16.7;   79.00;   22.1;   10.3;    9.3;eor
      19207;20240525;   10;   5.1;   1.6;   10;   0.1;   4;-999;-999;  -999;  15.3;    -999;   16.5;   82.00;   21.9;   11.5;   10.1;eor
      19207;20240526;   10;   8.5;   1.5;   10;   6.4;   4;-999;-999;  -999;  16.7;    -999;   18.5;   80.00;   25.0;   13.6;   12.3;eor
      19207;20240527;   10;   9.1;   1.8;   10;   7.2;   4;-999;-999;  -999;  15.9;    -999;   17.8;   79.00;   22.9;   13.3;   12.5;eor
      19207;20240528;   10;  10.6;   3.0;   10;   0.0;   0;-999;-999;  -999;  14.2;    -999;   15.3;   82.00;   17.6;   11.0;    8.7;eor
      19207;20240529;   10;  10.5;   2.9;   10;   0.8;   4;-999;-999;  -999;  13.9;    -999;   15.6;   79.00;   20.3;   10.8;    8.8;eor
      19207;20240530;   10;   7.3;   1.6;   10;   4.8;   4;-999;-999;  -999;  15.4;    -999;   15.7;   87.00;   19.5;   12.9;   11.7;eor
      19207;20240531;   10;   7.3;   1.8;   10;   0.0;   0;-999;-999;  -999;  16.9;    -999;   18.2;   82.00;   23.9;   13.7;   12.3;eor
      19207;20240601;   10;  10.8;   2.6;   10;   0.0;   0;-999;-999;  -999;  17.1;    -999;   18.3;   82.00;   23.4;   13.6;   11.8;eor
      19207;20240602;   10;   9.7;   3.9;   10;   0.0;   0;-999;-999;  -999;  16.4;    -999;   17.9;   80.00;   22.3;   14.0;   13.2;eor
      19207;20240603;   10;   9.4;   3.8;   10;   0.0;   0;-999;-999;  -999;  12.8;    -999;   14.8;   76.00;   18.2;   12.7;   12.9;eor
      19207;20240604;   10;   7.2;   2.3;   10;   0.0;   0;-999;-999;  -999;  14.8;    -999;   16.4;   80.00;   20.7;   13.7;   12.4;eor
      19207;20240605;   10;  11.2;   3.3;   10;   1.4;   4;-999;-999;  -999;  12.2;    -999;   15.2;   71.00;   18.8;    9.7;    7.9;eor
      19207;20240606;   10;   9.4;   3.0;   10;   0.0;   0;-999;-999;  -999;   9.6;    -999;   12.9;   67.00;   18.3;    7.3;    4.2;eor
      19207;20240607;   10;  10.1;   2.3;   10;   0.8;   4;-999;-999;  -999;  10.5;    -999;   13.0;   73.00;   18.9;    6.1;    4.0;eor
      19207;20240608;   10;  13.9;   3.4;   10;   0.1;   4;-999;-999;  -999;  11.7;    -999;   15.4;   69.00;   22.4;    9.8;    8.6;eor
      19207;20240609;   10;  15.2;   5.1;   10;   0.0;   0;-999;-999;  -999;   9.8;    -999;   12.7;   68.00;   17.0;    8.1;    6.7;eor
      19207;20240610;   10;   9.2;   3.5;   10;   8.5;   4;-999;-999;  -999;  10.9;    -999;   12.6;   76.00;   17.0;    8.7;    7.2;eor
      19207;20240611;   10;  13.5;   5.1;   10;   4.0;   4;-999;-999;  -999;  11.6;    -999;   12.1;   83.00;   15.7;    9.1;    7.9;eor
      19207;20240612;   10;  10.8;   4.2;   10;   5.3;   4;-999;-999;  -999;  10.7;    -999;   11.4;   80.00;   16.6;    7.9;    6.6;eor
      19207;20240613;   10;  10.2;   3.5;   10;   0.1;   4;-999;-999;  -999;  10.2;    -999;   12.2;   73.00;   16.7;    7.3;    5.9;eor
      19207;20240614;   10;   9.3;   2.6;   10;   0.0;   0;-999;-999;  -999;  11.6;    -999;   16.0;   65.00;   21.0;   10.3;    9.1;eor
      19207;20240615;   10;  17.7;   3.8;   10;   6.7;   4;-999;-999;  -999;  13.0;    -999;   15.3;   76.00;   19.6;   11.1;    7.6;eor
      19207;20240616;   10;   9.9;   2.4;   10;   0.0;   4;-999;-999;  -999;  12.5;    -999;   17.0;   66.00;   22.4;    9.3;    6.2;eor
      19207;20240617;   10;   7.8;   2.0;   10;   0.1;   4;-999;-999;  -999;  15.0;    -999;   17.9;   74.00;   23.1;   12.3;   10.3;eor
      19207;20240618;   10;   7.8;   1.7;   10;  13.0;   4;-999;-999;  -999;  14.8;    -999;   17.7;   75.00;   22.7;   14.3;   12.3;eor
      19207;20240619;   10;   8.8;   2.6;   10;   0.0;   0;-999;-999;  -999;  13.3;    -999;   15.2;   78.00;   18.9;   10.0;    8.3;eor
      19207;20240620;   10;   6.3;   2.0;   10;   0.0;   0;-999;-999;  -999;  11.9;    -999;   15.5;   70.00;   21.6;    8.5;    6.9;eor
      19207;20240621;   10;   7.2;   1.8;   10;   1.4;   4;-999;-999;  -999;  17.6;    -999;   18.8;   81.00;   24.8;   14.6;   14.8;eor
      19207;20240622;   10;  13.4;   4.8;   10;   0.0;   0;-999;-999;  -999;  14.2;    -999;   18.0;   70.00;   22.2;   11.8;    9.5;eor
      19207;20240623;   10;   8.6;   3.0;   10;   0.0;   0;-999;-999;  -999;  13.7;    -999;   16.3;   74.00;   21.5;   10.4;    8.4;eor
      19207;20240624;   10;   6.2;   1.7;   10;   0.0;   0;-999;-999;  -999;  14.7;    -999;   17.4;   75.00;   22.4;   11.7;    9.3;eor
      19207;20240625;   10;   8.2;   1.8;   10;   0.0;   0;-999;-999;  -999;  16.0;    -999;   20.0;   71.00;   27.2;   11.8;   10.1;eor
      19207;20240626;   10;   9.6;   2.4;   10;   0.0;   0;-999;-999;  -999;  17.7;    -999;   21.9;   70.00;   29.3;   12.7;   11.4;eor
      19207;20240627;   10;   9.5;   1.7;   10;   2.3;   4;-999;-999;  -999;  20.7;    -999;   22.8;   77.00;   30.9;   16.3;   14.9;eor
      19207;20240628;   10;  11.9;   3.3;   10;   2.1;   4;-999;-999;  -999;  17.8;    -999;   20.1;   76.00;   25.0;   14.0;   11.1;eor
      19207;20240629;   10;   8.1;   1.9;   10;  33.3;   4;-999;-999;  -999;  14.6;    -999;   19.5;   67.00;   26.5;   11.4;    9.2;eor
      19207;20240630;   10;  20.6;   2.8;   10;   2.0;   4;-999;-999;  -999;  18.7;    -999;   17.7;   92.00;   21.1;   15.7;   15.4;eor
      19207;20240701;   10;   7.2;   2.2;   10;   8.7;   4;-999;-999;  -999;  15.3;    -999;   15.2;   88.00;   18.0;   12.2;   11.4;eor
      19207;20240702;   10;   9.5;   4.2;   10;   1.7;   4;-999;-999;  -999;  14.6;    -999;   14.6;   88.00;   17.8;   12.3;   11.4;eor
      19207;20240703;   10;  10.8;   4.3;   10;   0.6;   4;-999;-999;  -999;  12.3;    -999;   14.3;   76.00;   18.7;   11.6;   10.9;eor
      19207;20240704;   10;  12.1;   4.1;   10;   6.1;   4;-999;-999;  -999;  12.5;    -999;   14.1;   79.00;   19.2;   10.0;    8.2;eor
      19207;20240705;   10;  14.3;   5.1;   10;   0.6;   4;-999;-999;  -999;  12.2;    -999;   15.2;   71.00;   21.3;    9.6;    8.0;eor
      19207;20240706;   10;  15.7;   4.4;   10;   2.8;   4;-999;-999;  -999;  15.2;    -999;   19.6;   68.00;   27.9;   12.9;   10.8;eor
      19207;20240707;   10;  12.5;   4.1;   10;   0.0;   0;-999;-999;  -999;  11.7;    -999;   16.6;   63.00;   22.3;   11.4;    9.7;eor
      19207;20240708;   10;  10.6;   2.2;   10;   0.0;   0;-999;-999;  -999;  13.1;    -999;   18.0;   65.00;   24.1;   11.4;    9.1;eor
      19207;20240709;   10;   9.1;   2.3;   10;   0.0;   0;-999;-999;  -999;  16.5;    -999;   21.7;   66.00;   29.6;   15.5;   14.9;eor
      19207;20240710;   10;   8.9;   2.1;   10;  16.6;   4;-999;-999;  -999;  19.7;    -999;   22.0;   75.00;   26.5;   17.5;   15.3;eor
      19207;20240711;   10;   8.2;   1.7;   10;   2.8;   4;-999;-999;  -999;  18.3;    -999;   19.9;   80.00;   24.6;   15.2;   13.3;eor
      19207;20240712;   10;   8.7;   2.3;   10;   0.0;   0;-999;-999;  -999;  17.9;    -999;   20.2;   76.00;   24.9;   14.0;   13.1;eor
      19207;20240713;   10;  10.0;   4.3;   10;   0.0;   4;-999;-999;  -999;  14.3;    -999;   16.7;   75.00;   20.0;   13.7;   11.8;eor
      19207;20240714;   10;  13.7;   3.4;   10;   0.1;   4;-999;-999;  -999;  13.7;    -999;   17.6;   70.00;   23.6;   12.4;   10.9;eor
      19207;20240715;   10;   9.4;   2.5;   10;   2.3;   4;-999;-999;  -999;  13.9;    -999;   19.6;   64.00;   25.5;   12.6;   10.9;eor
      19207;20240716;   10;  21.2;   2.1;   10;   6.6;   4;-999;-999;  -999;  17.9;    -999;   18.8;   83.00;   25.6;   14.8;   13.3;eor
      19207;20240717;   10;  12.9;   5.0;   10;   0.8;   4;-999;-999;  -999;  16.3;    -999;   17.7;   81.00;   22.1;   14.2;   13.2;eor
      19207;20240718;   10;   7.0;   2.3;   10;   0.0;   0;-999;-999;  -999;  15.7;    -999;   18.3;   76.00;   24.0;   13.3;   12.1;eor
      19207;20240719;   10;   6.8;   1.3;   10;   0.0;   0;-999;-999;  -999;  15.8;    -999;   19.9;   71.00;   26.9;   12.6;   12.1;eor
      19207;20240720;   10;   7.3;   1.8;   10;   0.0;   0;-999;-999;  -999;  15.7;    -999;   21.7;   63.00;   29.1;   12.6;   12.0;eor
      19207;20240721;   10;   7.7;   1.8;   10;   0.0;   0;-999;-999;  -999;  17.3;    -999;   23.5;   63.00;   31.1;   14.6;   13.3;eor
      19207;20240722;   10;  14.6;   3.2;   10;   3.3;   4;-999;-999;  -999;  18.3;    -999;   19.0;   83.00;   21.2;   12.6;   10.5;eor
      19207;20240723;   10;  14.0;   2.3;   10;   6.2;   4;-999;-999;  -999;  16.2;    -999;   17.8;   80.00;   25.8;   11.5;   10.2;eor
      19207;20240724;   10;  10.1;   3.5;   10;   0.0;   0;-999;-999;  -999;  15.1;    -999;   17.9;   75.00;   22.4;   11.8;   10.3;eor
      19207;20240725;   10;   6.3;   2.1;   10;   0.0;   0;-999;-999;  -999;  12.7;    -999;   16.5;   70.00;   22.4;   10.6;    9.0;eor
      19207;20240726;   10;   6.8;   1.9;   10;   0.2;   4;-999;-999;  -999;  16.4;    -999;   18.1;   79.00;   21.3;   13.8;   12.2;eor
      19207;20240727;   10;   5.0;   1.4;   10;   8.6;   4;-999;-999;  -999;  16.6;    -999;   18.3;   80.00;   21.6;   15.0;   14.2;eor
      19207;20240728;   10;  11.3;   3.5;   10;   1.2;   4;-999;-999;  -999;  15.2;    -999;   17.6;   77.00;   22.4;   13.4;   11.8;eor
      19207;20240729;   10;  10.0;   2.9;   10;   0.0;   0;-999;-999;  -999;  14.0;    -999;   17.4;   73.00;   22.4;   11.8;   10.3;eor
      19207;20240730;   10;   6.4;   1.3;   10;   0.0;   0;-999;-999;  -999;  14.6;    -999;   19.7;   68.00;   27.4;    9.9;    8.9;eor
      19207;20240731;   10;   5.9;   1.6;   10;   0.0;   0;-999;-999;  -999;  15.3;    -999;   19.6;   70.00;   25.8;   12.6;   11.3;eor
      19207;20240801;   10;   6.8;   1.4;   10;   0.0;   0;-999;-999;  -999;  15.7;    -999;   18.2;   77.00;   25.1;   11.5;   10.6;eor
      19207;20240802;   10;   6.9;   1.8;   10;   0.0;   0;-999;-999;  -999;  15.2;    -999;   17.0;   79.00;   21.4;   13.3;   11.2;eor
      19207;20240803;   10;  10.5;   1.5;   10;   3.7;   4;-999;-999;  -999;  17.0;    -999;   19.2;   79.00;   25.4;   12.4;   10.5;eor
      19207;20240804;   10;  13.0;   3.4;   10;   0.4;   4;-999;-999;  -999;  17.2;    -999;   18.3;   82.00;   23.6;   13.7;   12.2;eor
      19207;20240805;   10;   9.1;   2.4;   10;   0.0;   0;-999;-999;  -999;  14.1;    -999;   17.6;   72.00;   23.3;   11.8;   10.3;eor
      19207;20240806;   10;   6.9;   1.4;   10;   0.0;   0;-999;-999;  -999;  14.5;    -999;   19.7;   67.00;   26.8;   10.2;    9.2;eor
      19207;20240807;   10;  15.0;   2.0;   10;   2.9;   4;-999;-999;  -999;  17.2;    -999;   21.4;   71.00;   28.8;   14.6;   12.5;eor
      19207;20240808;   10;   8.0;   2.9;   10;   0.0;   0;-999;-999;  -999;  16.4;    -999;   19.2;   75.00;   23.8;   15.5;   14.6;eor
      19207;20240809;   10;  13.6;   3.9;   10;   6.6;   4;-999;-999;  -999;  17.4;    -999;   18.1;   84.00;   22.1;   14.1;   13.0;eor
      19207;20240810;   10;  10.9;   4.0;   10;   0.0;   0;-999;-999;  -999;  14.6;    -999;   18.3;   71.00;   24.0;   12.6;   10.9;eor
      19207;20240811;   10;  12.2;   3.4;   10;   0.0;   0;-999;-999;  -999;  14.5;    -999;   18.5;   70.00;   23.4;   12.0;   10.4;eor
      19207;20240812;   10;   5.3;   1.3;   10;   0.0;   0;-999;-999;  -999;  13.4;    -999;   17.6;   70.00;   24.8;    9.7;    8.4;eor
      19207;20240813;   10;   8.4;   2.4;   10;   0.0;   0;-999;-999;  -999;  14.6;    -999;   21.2;   62.00;   29.5;   12.2;   10.4;eor
      19207;20240814;   10;   5.9;   1.8;   10;   0.0;   0;-999;-999;  -999;  16.5;    -999;   22.6;   61.00;   30.7;   15.5;   12.8;eor
      19207;20240815;   10;   7.9;   2.5;   10;   0.0;   0;-999;-999;  -999;  20.8;    -999;   21.6;   81.00;   27.1;   17.5;   16.8;eor
      19207;20240816;   10;  11.2;   3.3;   10;   0.2;   4;-999;-999;  -999;  19.5;    -999;   21.0;   79.00;   26.6;   16.6;   15.4;eor
      19207;20240817;   10;   6.1;   1.8;   10;   0.0;   0;-999;-999;  -999;  16.1;    -999;   18.8;   75.00;   23.0;   14.6;   12.4;eor
      19207;20240818;   10;   4.5;   1.4;   10;   0.4;   4;-999;-999;  -999;  15.5;    -999;   16.9;   81.00;   20.7;   13.1;   11.3;eor
      19207;20240819;   10;   5.9;   1.6;   10;   0.0;   0;-999;-999;  -999;  14.0;    -999;   16.7;   75.00;   22.7;   11.0;    8.9;eor
      19207;20240820;   10;   8.0;   2.0;   10;   1.0;   4;-999;-999;  -999;  14.5;    -999;   18.8;   70.00;   25.4;    9.7;    7.5;eor
      19207;20240821;   10;  20.0;   4.6;   10;   2.8;   4;-999;-999;  -999;  15.0;    -999;   16.9;   78.00;   21.5;   11.7;   11.0;eor
      19207;20240822;   10;  10.8;   3.5;   10;   0.0;   0;-999;-999;  -999;  13.3;    -999;   17.2;   68.00;   22.2;   12.8;   12.2;eor
      19207;20240823;   10;  17.3;   4.9;   10;   0.1;   4;-999;-999;  -999;  15.4;    -999;   21.1;   63.00;   27.3;   15.7;   14.0;eor
      19207;20240824;   10;  11.2;   3.1;   10;   0.2;   4;-999;-999;  -999;  17.8;    -999;   23.0;   65.00;   30.1;   14.1;   12.3;eor
      19207;20240825;   10;  14.4;   4.7;   10;   0.1;   4;-999;-999;  -999;  14.2;    -999;   18.4;   68.00;   22.9;   11.2;    8.7;eor
      19207;20240826;   10;  11.0;   2.4;   10;   0.0;   0;-999;-999;  -999;  11.7;    -999;   16.9;   64.00;   23.8;    9.3;    7.1;eor
      19207;20240827;   10;   7.3;   1.2;   10;   0.0;   0;-999;-999;  -999;  12.9;    -999;   18.2;   66.00;   26.4;    8.2;    7.1;eor
      19207;20240828;   10;  10.2;   2.2;   10;   0.0;   0;-999;-999;  -999;  16.0;    -999;   21.6;   64.00;   29.6;   12.2;    9.1;eor
      19207;20240829;   10;   9.6;   2.2;   10;   0.0;   0;-999;-999;  -999;  19.4;    -999;   24.8;   65.00;   33.2;   15.8;   14.8;eor
      19207;20240830;   10;   7.5;   2.0;   10;   3.4;   4;-999;-999;  -999;  17.6;    -999;   17.7;   86.00;   20.6;   12.5;    9.8;eor
      19207;20240831;   10;   6.3;   1.7;   10;   0.0;   0;-999;-999;  -999;  12.5;    -999;   15.7;   73.00;   22.0;    9.2;    7.1;eor
      19207;20240901;   10;   6.7;   1.8;   10;   0.0;   0;-999;-999;  -999;  12.1;    -999;   15.5;   72.00;   23.4;    5.6;    4.4;eor
      19207;20240902;   10;   7.5;   1.8;   10;   0.0;   0;-999;-999;  -999;  13.3;    -999;   18.1;   68.00;   26.0;   10.0;    7.7;eor
      19207;20240903;   10;   7.6;   1.8;   10;   3.6;   4;-999;-999;  -999;  18.6;    -999;   22.2;   72.00;   31.2;   12.8;   11.3;eor
      19207;20240904;   10;   7.8;   1.9;   10;   3.2;   4;-999;-999;  -999;  19.2;    -999;   24.4;   67.00;   32.8;   18.1;   16.7;eor
      19207;20240905;   10;  12.5;   3.5;   10;   0.0;   0;-999;-999;  -999;  15.8;    -999;   24.1;   55.00;   31.2;   18.2;   15.1;eor
      19207;20240906;   10;  10.8;   3.4;   10;   0.0;   0;-999;-999;  -999;  15.0;    -999;   23.0;   55.00;   29.8;   16.4;   14.3;eor
      19207;20240907;   10;   7.3;   1.7;   10;   0.0;   0;-999;-999;  -999;  15.7;    -999;   22.2;   63.00;   30.4;   13.1;   11.8;eor
      19207;20240908;   10;   7.5;   1.9;   10;   6.3;   4;-999;-999;  -999;  17.8;    -999;   23.5;   64.00;   31.2;   16.2;   14.7;eor
      19207;20240909;   10;   8.7;   3.1;   10;   4.4;   4;-999;-999;  -999;  18.4;    -999;   17.5;   92.00;   20.3;   15.0;   13.9;eor
      19207;20240910;   10;  11.8;   5.2;   10;   4.9;   4;-999;-999;  -999;  13.3;    -999;   15.8;   74.00;   18.2;   12.4;   11.0;eor
      19207;20240911;   10;  11.9;   4.4;   10;   6.2;   4;-999;-999;  -999;  11.8;    -999;   12.2;   83.00;   16.0;    7.3;    5.3;eor
      19207;20240912;   10;   7.6;   2.4;   10;   0.0;   0;-999;-999;  -999;   9.6;    -999;   10.1;   80.00;   16.4;    5.7;    4.3;eor
      19207;20240913;   10;  11.3;   2.7;   10;   0.0;   0;-999;-999;  -999;  10.1;    -999;   11.1;   78.00;   15.8;    5.1;    3.6;eor
      19207;20240914;   10;  11.9;   3.6;   10;   0.0;   0;-999;-999;  -999;  10.0;    -999;   12.5;   70.00;   16.7;    8.6;    4.9;eor
      19207;20240915;   10;   9.6;   2.9;   10;   0.0;   0;-999;-999;  -999;  10.4;    -999;   12.5;   74.00;   17.5;    8.1;    5.1;eor
      19207;20240916;   10;   8.9;   2.8;   10;   0.0;   0;-999;-999;  -999;  13.3;    -999;   15.1;   78.00;   19.2;    8.7;    6.8;eor
      19207;20240917;   10;   7.5;   2.6;   10;   0.0;   0;-999;-999;  -999;  15.8;    -999;   16.9;   82.00;   19.8;   15.2;   15.2;eor
      19207;20240918;   10;   7.0;   2.4;   10;   0.0;   0;-999;-999;  -999;  16.1;    -999;   17.1;   83.00;   22.6;   14.6;   14.0;eor
      19207;20240919;   10;   8.4;   2.9;   10;   0.0;   0;-999;-999;  -999;  16.7;    -999;   17.6;   83.00;   22.3;   15.6;   15.2;eor
      19207;20240920;   10;  10.2;   2.4;   10;   0.0;   0;-999;-999;  -999;  13.3;    -999;   18.2;   68.00;   24.1;   11.0;    7.4;eor
      19207;20240921;   10;   7.1;   1.7;   10;   0.0;   0;-999;-999;  -999;  10.9;    -999;   15.4;   68.00;   23.6;    6.2;    4.3;eor
      19207;20240922;   10;   5.1;   1.2;   10;   0.0;   0;-999;-999;  -999;  11.8;    -999;   15.1;   72.00;   24.2;    6.3;    4.4;eor
      19207;20240923;   10;   5.4;   0.8;   10;   0.0;   0;-999;-999;  -999;  13.1;    -999;   15.5;   77.00;   24.5;    6.4;    5.3;eor
      19207;20240924;   10;   8.7;   2.0;   10;  17.0;   4;-999;-999;  -999;  15.5;    -999;   14.5;   93.00;   16.6;   12.9;   11.8;eor
      19207;20240925;   10;  12.0;   4.2;   10;   4.6;   4;-999;-999;  -999;  14.0;    -999;   14.4;   85.00;   17.5;   11.6;    9.6;eor
      19207;20240926;   10;  12.1;   4.0;   10;   5.4;   4;-999;-999;  -999;  15.1;    -999;   15.0;   89.00;   18.2;   12.3;   11.9;eor
      19207;20240927;   10;  17.7;   6.4;   10;   3.2;   4;-999;-999;  -999;  12.1;    -999;   14.8;   73.00;   18.2;   11.1;   10.7;eor
      19207;20240928;   10;  13.1;   5.2;   10;   0.0;   0;-999;-999;  -999;   9.6;    -999;   10.4;   76.00;   14.0;    7.1;    6.0;eor
      19207;20240929;   10;   7.4;   2.8;   10;   0.0;   0;-999;-999;  -999;   8.8;    -999;    9.2;   78.00;   14.8;    5.1;    3.0;eor
      19207;20240930;   10;  12.5;   2.9;   10;   1.9;   4;-999;-999;  -999;   8.6;    -999;    9.9;   72.00;   15.5;    4.8;    2.9;eor
      19207;20241001;   10;  11.2;   3.5;   10;  18.9;   4;-999;   0;  -999;   9.5;    -999;    8.3;   86.00;    9.2;    7.1;    6.5;eor
      19207;20241002;   10;   9.1;   3.0;   10;   0.7;   4;-999;   0;  -999;  10.0;    -999;   10.3;   80.00;   14.2;    8.5;    7.7;eor
      19207;20241003;   10;   7.6;   2.5;   10;   0.0;   0;-999;   0;  -999;  10.3;    -999;   10.8;   79.00;   12.7;    7.6;    5.0;eor
      19207;20241004;   10;   7.4;   1.8;   10;   0.0;   0;-999;   0;  -999;   9.6;    -999;    9.1;   84.00;   15.1;    3.3;    1.7;eor
      19207;20241005;   10;   3.9;   0.9;   10;   0.0;   0;-999;   0;  -999;   8.9;    -999;    7.9;   84.00;   15.7;    0.6;    0.0;eor
      19207;20241006;   10;   5.6;   1.3;   10;   0.0;   0;-999;   0;  -999;   8.6;    -999;    7.4;   84.00;   13.6;    1.9;    1.7;eor
      19207;20241007;   10;   7.0;   2.2;   10;   0.8;   4;-999;   0;  -999;  11.1;    -999;    9.9;   90.00;   14.3;    6.6;    4.9;eor
      19207;20241008;   10;   6.2;   1.8;   10;   2.3;   4;-999;   0;  -999;  15.2;    -999;   13.9;   95.00;   17.3;    7.8;    6.1;eor
      19207;20241009;   10;   9.6;   2.7;   10;  19.8;   4;-999;   0;  -999;  15.3;    -999;   14.6;   92.00;   16.2;   13.3;   12.6;eor
      19207;20241010;   10;  12.4;   4.7;   10;   6.3;   4;-999;   0;  -999;  13.0;    -999;   12.5;   88.00;   15.4;    7.5;    6.5;eor
      19207;20241011;   10;  10.5;   4.8;   10;   0.0;   0;-999;   0;  -999;   9.0;    -999;    8.6;   81.00;   12.6;    5.4;    3.1;eor
      19207;20241012;   10;   9.5;   2.6;   10;   2.8;   4;-999;   0;  -999;   8.4;    -999;    8.6;   77.00;   12.7;    3.6;    1.2;eor
      19207;20241013;   10;  14.4;   6.5;   10;   0.8;   4;-999;   0;  -999;   9.8;    -999;    9.8;   81.00;   12.6;    7.5;    6.8;eor
      19207;20241014;   10;  11.7;   4.3;   10;   0.0;   0;-999;   0;  -999;   9.4;    -999;    9.3;   80.00;   12.4;    5.6;    3.3;eor
      19207;20241015;   10;   4.8;   1.6;   10;   0.0;   0;-999;   0;  -999;   8.2;    -999;    6.9;   83.00;   12.6;    3.1;    0.4;eor
      19207;20241016;   10;  14.1;   3.3;   10;   0.0;   0;-999;   0;  -999;   8.1;    -999;    8.5;   74.00;   14.3;    2.8;    0.3;eor
      19207;20241017;   10;   9.4;   2.6;   10;   0.0;   0;-999;   0;  -999;  10.4;    -999;   11.2;   78.00;   15.9;    6.6;    4.6;eor
      19207;20241018;   10;   4.7;   1.4;   10;   0.0;   0;-999;   0;  -999;  12.1;    -999;   12.5;   84.00;   17.5;    9.3;    7.4;eor
      19207;20241019;   10;   8.9;   2.4;   10;   0.0;   0;-999;   0;  -999;  13.3;    -999;   13.4;   86.00;   17.3;    8.2;    6.5;eor
      19207;20241020;   10;   8.1;   2.7;   10;   0.6;   4;-999;   0;  -999;  14.3;    -999;   15.2;   83.00;   17.9;   11.7;   10.8;eor
      19207;20241021;   10;  10.0;   3.7;   10;   8.5;   4;-999;   0;  -999;  14.3;    -999;   15.1;   83.00;   17.9;   10.7;    9.0;eor
      19207;20241022;   10;  10.3;   3.1;   10;   0.0;   4;-999;   0;  -999;  12.4;    -999;   12.1;   88.00;   14.7;    8.9;    7.7;eor
      19207;20241023;   10;   6.3;   2.1;   10;   0.1;   4;-999;   0;  -999;  11.1;    -999;    9.4;   94.00;   13.7;    4.1;    3.1;eor
      19207;20241024;   10;   7.7;   1.6;   10;   0.0;   4;-999;   0;  -999;   9.7;    -999;    8.4;   89.00;   14.7;    3.7;    3.6;eor
      19207;20241025;   10;   5.0;   1.6;   10;   0.0;   0;-999;   0;  -999;  11.3;    -999;   10.4;   90.00;   16.0;    6.0;    4.2;eor
      19207;20241026;   10;   3.1;   0.9;   10;   0.1;   4;-999;   0;  -999;  11.9;    -999;    9.5;   99.00;   14.1;    5.7;    4.3;eor
      19207;20241027;   10;   6.4;   2.2;   10;   0.8;   4;-999;   0;  -999;  12.2;    -999;   10.6;   95.00;   13.2;    6.9;    4.6;eor
      19207;20241028;   10;   8.4;   3.2;   10;   1.6;   4;-999;   0;  -999;  12.1;    -999;   10.6;   95.00;   13.0;    5.8;    3.9;eor
      19207;20241029;   10;   6.9;   3.5;   10;   0.8;   4;-999;   0;  -999;  14.5;    -999;   13.1;   96.00;   13.9;   12.5;   12.2;eor
      19207;20241030;   10;  10.5;   3.6;   10;   0.0;   4;-999;   0;  -999;  12.6;    -999;   12.2;   88.00;   14.6;    7.8;    6.0;eor
      19207;20241031;   10;  13.5;   5.3;   10;   0.0;   4;-999;   0;  -999;  11.5;    -999;   11.0;   88.00;   12.8;    6.6;    4.8;eor
      19207;20241101;   10;  13.3;   7.2;   10;   0.2;   4;-999;   0;  -999;  12.4;    -999;   12.6;   85.00;   13.5;    9.2;    7.7;eor
      19207;20241102;   10;   8.0;   1.4;   10;   0.0;   0;-999;   0;  -999;   7.1;    -999;    6.1;   77.00;   10.7;    0.7;   -0.8;eor
      19207;20241103;   10;   9.1;   3.2;   10;   0.0;   0;-999;   0;  -999;   8.2;    -999;    6.1;   86.00;   10.6;    0.0;   -1.4;eor
      19207;20241104;   10;   4.5;   1.3;   10;   0.1;   4;-999;   0;  -999;  11.5;    -999;   10.2;   92.00;   11.3;    9.2;    8.8;eor
      19207;20241105;   10;   6.0;   1.8;   10;   0.0;   0;-999;   0;  -999;   9.4;    -999;    8.2;   87.00;    9.7;    6.4;    4.2;eor
      19207;20241106;   10;   3.4;   1.2;   10;   0.2;   4;-999;   0;  -999;   8.8;    -999;    5.8;   95.00;    6.6;    5.4;    5.5;eor
      19207;20241107;   10;   3.9;   1.3;   10;   0.5;   4;-999;   0;  -999;   9.6;    -999;    6.9;   96.00;    7.7;    6.1;    6.1;eor
      19207;20241108;   10;   8.0;   2.0;   10;   0.1;   4;-999;   0;  -999;   8.4;    -999;    6.1;   89.00;    7.6;    4.0;    4.1;eor
      19207;20241109;   10;   5.7;   1.9;   10;   0.0;   0;-999;   0;  -999;   7.2;    -999;    4.3;   86.00;    4.8;    3.9;    3.9;eor
      19207;20241110;   10;   4.8;   1.9;   10;   0.0;   0;-999;   0;  -999;   7.2;    -999;    3.2;   94.00;    4.0;    1.8;    2.2;eor
      19207;20241111;   10;   5.5;   1.8;   10;   0.0;   0;-999;   0;  -999;   8.4;    -999;    5.5;   93.00;    6.8;    3.9;    3.9;eor
      19207;20241112;   10;   3.0;   1.1;   10;   0.0;   0;-999;   0;  -999;   8.6;    -999;    5.9;   93.00;    7.4;    4.6;    4.8;eor
      19207;20241113;   10;   6.4;   2.2;   10;   0.3;   4;-999;   0;  -999;   9.2;    -999;    6.6;   94.00;    7.5;    5.0;    4.4;eor
      19207;20241114;   10;  11.3;   3.3;   10;   0.0;   4;-999;   0;  -999;   9.4;    -999;    7.7;   90.00;   10.0;    3.6;    1.3;eor
      19207;20241115;   10;  13.0;   4.2;   10;   0.0;   0;-999;   0;  -999;   9.9;    -999;    7.4;   95.00;   10.0;    2.8;    0.8;eor
      19207;20241116;   10;  12.5;   6.5;   10;   1.4;   4;-999;   0;  -999;   8.8;    -999;    7.9;   82.00;    8.6;    7.1;    6.7;eor
      19207;20241117;   10;  14.9;   7.1;   10;   2.6;   4;-999;   0;  -999;   8.2;    -999;    6.1;   87.00;    8.1;    3.6;    2.4;eor
      19207;20241118;   10;  15.0;   8.1;   10;   0.0;   0;-999;   0;  -999;   6.7;    -999;    3.7;   83.00;    5.8;    1.7;    0.5;eor
      19207;20241119;   10;   8.1;   3.1;   10;   6.8;   4;-999;   0;  -999;   6.4;    -999;    1.6;   93.00;    2.4;    0.8;   -0.2;eor
      19207;20241120;   10;   8.6;   3.9;   10;   2.3;   4;-999;   0;  -999;   6.1;    -999;    1.3;   91.00;    3.0;   -0.2;   -1.3;eor
      19207;20241121;   10;   9.4;   4.5;   10;   0.1;   4;-999;   1;  -999;   5.8;    -999;    0.9;   89.00;    2.6;   -1.1;   -2.0;eor
      19207;20241122;   10;  13.1;   4.6;   10;   0.6;   4;-999;   0;  -999;   5.8;    -999;    1.1;   88.00;    3.4;   -0.9;   -3.1;eor
      19207;20241123;   10;  11.6;   5.0;   10;   9.7;   4;-999;   0;  -999;   6.1;    -999;    2.3;   84.00;    4.1;   -0.9;   -2.4;eor
      19207;20241124;   10;  12.3;   5.2;   10;   3.8;   4;-999;   0;  -999;   9.4;    -999;    8.9;   82.00;   13.5;    3.0;    2.3;eor
      19207;20241125;   10;  13.3;   5.6;   10;   0.0;   4;-999;   0;  -999;  10.0;    -999;   13.4;   66.00;   15.5;    9.9;    8.9;eor
      19207;20241126;   10;  10.8;   4.1;   10;   0.2;   4;-999;   0;  -999;   8.9;    -999;    8.0;   83.00;   10.0;    4.0;    2.0;eor
      19207;20241127;   10;  11.2;   3.7;   10;  19.4;   4;-999;   0;  -999;   8.4;    -999;    5.5;   93.00;    8.6;    3.4;    2.0;eor
      19207;20241128;   10;  14.2;   4.8;   10;   4.6;   4;-999;   0;  -999;   8.6;    -999;    6.2;   90.00;    9.2;    5.2;    4.8;eor
      19207;20241129;   10;   7.1;   2.3;   10;   0.0;   0;-999;   0;  -999;   7.0;    -999;    4.9;   80.00;    5.8;    3.7;    2.7;eor
      19207;20241130;   10;   7.9;   2.7;   10;   0.0;   0;-999;   0;  -999;   6.0;    -999;    2.8;   80.00;    5.7;    0.1;   -2.5;eor
      19207;20241201;   10;   5.3;   1.9;   10;   0.0;   0;-999;   0;  -999;   5.6;    -999;    0.8;   86.00;    4.6;   -1.4;   -3.5;eor
      19207;20241202;   10;   7.7;   3.6;   10;   3.1;   4;-999;   0;  -999;   7.8;    -999;    5.0;   88.00;    7.2;   -0.1;   -1.5;eor
      19207;20241203;   10;   8.5;   2.6;   10;   1.6;   4;-999;   0;  -999;   8.7;    -999;    5.5;   95.00;    7.3;    0.4;   -1.3;eor
      19207;20241204;   10;   4.9;   1.6;   10;   0.2;   4;-999;   0;  -999;   7.7;    -999;    3.5;   97.00;    5.4;    0.3;   -0.3;eor
      19207;20241205;   10;  10.5;   3.3;   10;   2.2;   4;-999;   0;  -999;   6.8;    -999;    3.2;   88.00;    4.2;    1.8;    0.6;eor
      19207;20241206;   10;  10.6;   2.5;   10;   3.1;   4;-999;   0;  -999;   7.6;    -999;    3.9;   94.00;    4.7;    2.6;    2.1;eor
      19207;20241207;   10;   7.7;   2.7;   10;   8.1;   4;-999;   0;  -999;   8.0;    -999;    4.7;   94.00;    5.3;    4.1;    3.7;eor
      19207;20241208;   10;   9.4;   2.8;   10;   1.0;   4;-999;   0;  -999;   7.9;    -999;    4.8;   91.00;    5.6;    4.2;    2.1;eor
      19207;20241209;   10;  14.3;   5.0;   10;   2.2;   4;-999;   0;  -999;   7.8;    -999;    5.5;   86.00;    5.9;    5.0;    4.6;eor
      19207;20241210;   10;  11.8;   3.5;   10;   0.0;   0;-999;   0;  -999;   7.0;    -999;    4.8;   81.00;    5.4;    3.8;    3.5;eor
      19207;20241211;   10;   5.3;   1.8;   10;   0.0;   0;-999;   0;  -999;   6.1;    -999;    2.5;   84.00;    3.9;    1.5;    1.6;eor
      19207;20241212;   10;   3.8;   0.8;   10;   0.0;   0;-999;   0;  -999;   6.3;    -999;    1.9;   89.00;    2.5;    1.5;    1.2;eor
      19207;20241213;   10;   8.7;   2.5;   10;   0.0;   0;-999;   0;  -999;   5.7;    -999;    1.6;   84.00;    4.1;   -0.2;   -0.2;eor
      19207;20241214;   10;  11.4;   5.5;   10;   0.0;   4;-999;   0;  -999;   6.1;    -999;    1.3;   89.00;    4.7;   -0.9;   -0.8;eor
      19207;20241215;   10;  17.3;   7.2;   10;   2.7;   4;-999;   0;  -999;   8.8;    -999;    6.3;   91.00;   10.8;    4.0;    3.0;eor
      19207;20241216;   10;  16.6;   9.0;   10;   0.3;   4;-999;   0;  -999;  11.0;    -999;    9.9;   89.00;   11.3;    8.4;    8.0;eor
      19207;20241217;   10;  15.2;   7.0;   10;   0.0;   0;-999;   0;  -999;   9.8;    -999;    9.4;   83.00;   10.5;    7.8;    7.4;eor
      19207;20241218;   10;  14.5;   5.9;   10;   2.4;   4;-999;   0;  -999;   9.5;    -999;    9.0;   82.00;   11.5;    6.5;    5.4;eor
      19207;20241219;   10;  16.5;   6.9;   10;   1.3;   4;-999;   0;  -999;  10.2;    -999;    9.2;   86.00;   12.9;    4.8;    3.8;eor
      19207;20241220;   10;  15.2;   7.1;   10;   0.8;   4;-999;   0;  -999;   6.9;    -999;    5.1;   79.00;    6.7;    3.7;    2.6;eor
      19207;20241221;   10;  15.4;   6.6;   10;   1.9;   4;-999;   0;  -999;   8.1;    -999;    5.7;   88.00;    7.2;    3.5;    2.4;eor
      19207;20241222;   10;  12.8;   5.4;   10;   0.2;   4;-999;   0;  -999;   7.9;    -999;    5.5;   87.00;    7.3;    3.1;    2.0;eor
      19207;20241223;   10;  13.8;   6.3;   10;   3.5;   4;-999;   0;  -999;   7.3;    -999;    4.2;   89.00;    5.7;    2.2;    0.9;eor
      19207;20241224;   10;   8.2;   2.9;   10;   0.0;   0;-999;   0;  -999;   7.4;    -999;    3.9;   91.00;    4.9;    2.1;    0.3;eor
      19207;20241225;   10;   7.4;   3.0;   10;   0.1;   4;-999;   0;  -999;   8.9;    -999;    5.8;   95.00;    7.4;    4.6;    4.2;eor
      19207;20241226;   10;   5.9;   2.3;   10;   0.3;   4;-999;   0;  -999;   9.8;    -999;    7.0;   98.00;    7.7;    6.0;    5.7;eor
      19207;20241227;   10;   4.7;   1.9;   10;   0.0;   4;-999;   0;  -999;   8.0;    -999;    3.9;   99.00;    6.2;    1.6;    1.9;eor
      19207;20241228;   10;   4.8;   2.2;   10;   0.0;   0;-999;   0;  -999;   6.2;    -999;    0.3;   99.00;    1.7;   -1.1;   -0.9;eor
      19207;20241229;   10;  11.9;   4.6;   10;   0.0;   0;-999;   0;  -999;   6.4;    -999;    1.1;   97.00;    4.5;   -1.4;   -1.3;eor
      19207;20241230;   10;  15.1;   8.3;   10;   0.0;   0;-999;   0;  -999;   8.2;    -999;    5.7;   89.00;    6.7;    4.5;    4.2;eor
      19207;20241231;   10;  13.2;   7.2;   10;   0.1;   4;-999;   0;  -999;   7.4;    -999;    5.0;   85.00;    7.0;    3.1;    2.9;eor
